date	location	variant	median_freq_nowcast	freq_upper_95	freq_lower_95	freq_upper_80	freq_lower_80	freq_upper_50	freq_lower_50	median_freq_forecast	freq_forecast_upper_95	freq_forecast_lower_95	freq_forecast_upper_80	freq_forecast_lower_80	freq_forecast_upper_50	freq_forecast_lower_50
2022-01-15	Japan	Delta	0.03007406	0.03186507	0.028403787	0.03126393	0.028952852	0.030693814	0.02947914							
2022-01-16	Japan	Delta	0.02556828	0.02716679	0.024050523	0.02666905	0.024494272	0.026121859	0.025015643							
2022-01-17	Japan	Delta	0.02170968	0.02318049	0.020333325	0.022731744	0.020726308	0.022221453	0.02119728							
2022-01-18	Japan	Delta	0.018414875	0.01977383	0.01717456	0.019342922	0.017535463	0.018882304	0.017945623							
2022-01-19	Japan	Delta	0.015622273	0.016840061	0.014480265	0.01644367	0.014832272	0.016045157	0.0151898675							
2022-01-20	Japan	Delta	0.013234629	0.014353542	0.012208806	0.013985949	0.012553	0.013622215	0.012837912							
2022-01-21	Japan	Delta	0.011208491	0.0122054275	0.010289382	0.011912733	0.010595092	0.011561798	0.010865545							
2022-01-22	Japan	Delta	0.0094831055	0.01037543	0.008666244	0.010127739	0.008938109	0.00981153	0.009180293							
2022-01-23	Japan	Delta	0.008029751	0.0088172015	0.00729428	0.0086066155	0.007536555	0.008328151	0.007756166							
2022-01-24	Japan	Delta	0.006798921	0.0074906927	0.006142032	0.007304815	0.0063493075	0.00706595	0.006553151							
2022-01-25	Japan	Delta	0.0057567246	0.006361982	0.0051729465	0.0062000453	0.005350874	0.005992297	0.0055309837							
2022-01-26	Japan	Delta	0.0048698424	0.0054019717	0.004353702	0.0052596154	0.0045119505	0.0050788308	0.0046661505							
2022-01-27	Japan	Delta	0.0041171107	0.004588144	0.0036590619	0.0044642612	0.0038048776	0.0043043355	0.0039361827							
2022-01-28	Japan	Delta	0.0034773364	0.0038980045	0.0030744565	0.0037892214	0.003206744	0.0036467619	0.0033232574							
2022-01-29	Japan	Delta	0.0029373288	0.0033101859	0.00258335	0.0032115579	0.002703161	0.0030886752	0.0028032314							
2022-01-30	Japan	Delta	0.002480974	0.0028102547	0.002172009	0.0027259155	0.0022781147	0.0026164206	0.002364945							
2022-01-31	Japan	Delta	0.002096586	0.0023847562	0.0018239715	0.0023126283	0.0019167064	0.0022170173	0.0019953507							
2022-02-01	Japan	Delta	0.0017713928	0.0020259935	0.0015312379	0.001960918	0.0016143977	0.0018770201	0.0016819179							
2022-02-02	Japan	Delta	0.0014963696	0.0017207707	0.0012850213	0.0016629081	0.0013588184	0.0015885204	0.0014181881							
2022-02-03	Japan	Delta	0.001263217	0.001460749	0.0010789841	0.0014089657	0.0011436078	0.0013446916	0.0011951443							
2022-02-04	Japan	Delta	0.0010664297	0.0012397403	0.0009057914	0.0011941468	0.0009613639	0.0011379482	0.0010069441							
2022-02-05	Japan	Delta	0.0009001293	0.0010519223	0.0007599423	0.0010120749	0.0008088398	0.0009626867	0.00084769784							
2022-02-06	Japan	Delta	0.0007600598	0.00089233776	0.00063728425	0.000857606	0.0006797316	0.00081432867	0.0007142805							
2022-02-07	Japan	Delta	0.00064132584	0.0007563855	0.0005343174	0.00072642625	0.00057082804	0.0006889797	0.0006016698							
2022-02-08	Japan	Delta	0.00054091617	0.0006408546	0.00044799005	0.0006149515	0.0004798822	0.00058261	0.0005066232							
2022-02-09	Japan	Delta	0.00045591334	0.0005428764	0.00037549724	0.0005204011	0.00040330357	0.00049237465	0.00042644542							
2022-02-10	Japan	Delta	0.00038423727	0.0004597191	0.0003146395	0.000440317	0.00033872423	0.00041612968	0.00035883495							
2022-02-11	Japan	Delta	0.00032382045	0.00038918498	0.00026355934	0.0003721526	0.000284251	0.00035147977	0.0003018339							
2022-02-12	Japan	Delta	0.0002727873	0.00032934838	0.00022069445	0.0003144187	0.00023851891	0.00029675176	0.00025367667							
2022-02-13	Japan	Delta	0.00022968357	0.000278598	0.00018473103	0.00026570723	0.0002000742	0.0002505174	0.00021312287							
2022-02-14	Japan	Delta	0.00019330773	0.0002355644	0.00015456512	0.00022433589	0.00016776216	0.00021130586	0.00017898073							
2022-02-15	Japan	Delta	0.00016265531	0.00019919706	0.00012930992	0.00018928177	0.00014065272	0.00017818155	0.00015024375							
2022-02-16	Japan	Delta	0.00013683902	0.00016836518	0.00010814864	0.00015975605	0.00011787857	0.00015017789	0.00012606248							
2022-02-17	Japan	Delta	0.00011498632	0.00014221054	9.0402114e-05	0.0001348534	9.87122e-05	0.00012656959	0.00010576825							
2022-02-18	Japan	Delta	9.64954e-05	0.00012003724	7.5524375e-05	0.000113784045	8.258527e-05	0.000106614534	8.86613e-05							
2022-02-19	Japan	Delta	8.092548e-05	0.00010125662	6.30563e-05	9.594612e-05	6.9051566e-05	8.964319e-05	7.4264484e-05							
2022-02-20	Japan	Delta	6.7859626e-05	8.535586e-05	5.2611642e-05	8.078595e-05	5.7702917e-05	7.5337826e-05	6.2170715e-05							
2022-02-21	Japan	Delta	5.6847646e-05	7.189924e-05	4.3843138e-05	6.79338e-05	4.819849e-05	6.325352e-05	5.2011277e-05							
2022-02-22	Japan	Delta	4.7571462e-05	6.0516293e-05	3.650675e-05	5.712162e-05	4.0230952e-05	5.306087e-05	4.3485004e-05							
2022-02-23	Japan	Delta	3.9806684e-05	5.0892544e-05	3.0377181e-05	4.8019836e-05	3.3554785e-05	4.4507447e-05	3.6329235e-05							
2022-02-24	Japan	Delta	3.3268283e-05	4.2760534e-05	2.527218e-05	4.033076e-05	2.7963782e-05	3.7312144e-05	3.0285732e-05							
2022-02-25	Japan	Delta	2.7792497e-05	3.5893667e-05	2.1008073e-05	3.38427e-05	2.3264372e-05	3.1234063e-05	2.5250278e-05							
2022-02-26	Japan	Delta	2.318612e-05	3.010075e-05	1.7438253e-05	2.8351162e-05	1.933532e-05	2.6107602e-05	2.1045107e-05							
2022-02-27	Japan	Delta	1.933965e-05	2.5215522e-05	1.4455973e-05	2.3745723e-05	1.6058719e-05	2.1799173e-05	1.7518265e-05							
2022-02-28	Japan	Delta	1.6108437e-05	2.1099011e-05	1.1969954e-05	1.9866191e-05	1.3333751e-05	1.820482e-05	1.4553437e-05							
2022-03-01	Japan	Delta	1.3401697e-05	1.7633127e-05	9.899407e-06	1.6599315e-05	1.1059135e-05	1.5166215e-05	1.2075538e-05							
2022-03-02	Japan	Delta	1.1124436e-05	1.4717771e-05	8.176524e-06	1.3853046e-05	9.158226e-06	1.2616267e-05	1.0011067e-05							
2022-03-03	Japan	Delta	9.233863e-06	1.22679085e-05	6.7443552e-06	1.15390585e-05	7.568284e-06	1.0480135e-05	8.297117e-06							
2022-03-04	Japan	Delta	7.6542265e-06	1.0220876e-05	5.5551536e-06	9.578938e-06	6.2452996e-06	8.696434e-06	6.867419e-06							
2022-03-05	Japan	Delta	6.3308144e-06	8.501951e-06	4.5688303e-06	7.946798e-06	5.1458624e-06	7.207401e-06	5.6747895e-06							
2022-03-06	Japan	Delta	5.2298274e-06	7.0589185e-06	3.751791e-06	6.5841136e-06	4.2369884e-06	5.9644235e-06	4.6838686e-06							
2022-03-07	Japan	Delta	4.30665e-06	5.851478e-06	3.076606e-06	5.4527236e-06	3.4842085e-06	4.927689e-06	3.8598523e-06							
2022-03-08	Japan	Delta	3.546484e-06	4.842554e-06	2.5197817e-06	4.5098627e-06	2.8595723e-06	4.0660298e-06	3.174512e-06							
2022-03-09	Japan	Delta	2.9178975e-06	4.000725e-06	2.0602192e-06	3.7181635e-06	2.340408e-06	3.3521048e-06	2.6057112e-06							
2022-03-10	Japan	Delta	2.3968132e-06	3.299403e-06	1.6815682e-06	3.0597785e-06	1.9144584e-06	2.7632823e-06	2.1318635e-06							
2022-03-11	Japan	Delta	1.9621357e-06	2.7160845e-06	1.3700767e-06	2.513193e-06	1.5639007e-06	2.2708705e-06	1.7414359e-06							
2022-03-12	Japan	Delta	1.6033956e-06	2.231738e-06	1.1142531e-06	2.0589546e-06	1.2742345e-06	1.8580231e-06	1.4235305e-06							
2022-03-13	Japan	Delta	1.3071502e-06	1.8302862e-06	9.045143e-07	1.6855231e-06	1.0365229e-06	1.5170278e-06	1.160219e-06							
2022-03-14	Japan	Delta	1.0632433e-06	1.4965921e-06	7.328636e-07	1.3771912e-06	8.400127e-07	1.2390112e-06	9.434074e-07							
2022-03-15	Japan	Delta	8.6577154e-07	1.2212904e-06	5.922883e-07	1.1226192e-06	6.8135387e-07	1.0115812e-06	7.6509554e-07							
2022-01-15	Japan	Omicron 21K	0.9655567	0.9675232	0.9636649	0.9666928	0.96427083	0.96614563	0.964969							
2022-01-16	Japan	Omicron 21K	0.9696421	0.97143316	0.96789706	0.97068495	0.96847177	0.9702179	0.9691069							
2022-01-17	Japan	Omicron 21K	0.9730246	0.97466636	0.9714339	0.97400326	0.9719564	0.97359204	0.97253734							
2022-01-18	Japan	Omicron 21K	0.97583485	0.9773234	0.9742707	0.9767861	0.97481835	0.9763438	0.97536576							
2022-01-19	Japan	Omicron 21K	0.9780878	0.9794877	0.97658193	0.9789768	0.977131	0.97856146	0.9776485							
2022-01-20	Japan	Omicron 21K	0.9798579	0.98118067	0.97842026	0.9807368	0.97900766	0.9803196	0.9794446							
2022-01-21	Japan	Omicron 21K	0.9812349	0.98245883	0.97984433	0.98207766	0.98041403	0.9816742	0.98082376							
2022-01-22	Japan	Omicron 21K	0.9822382	0.9834155	0.98087156	0.98307365	0.98145235	0.9826697	0.9818394							
2022-01-23	Japan	Omicron 21K	0.98291755	0.9840816	0.9815718	0.98371	0.98213637	0.9833451	0.9825183							
2022-01-24	Japan	Omicron 21K	0.9833199	0.9844791	0.9819943	0.98409724	0.9825351	0.9837682	0.98289335							
2022-01-25	Japan	Omicron 21K	0.9834647	0.9846047	0.98212314	0.98424155	0.9826312	0.9839171	0.98303336							
2022-01-26	Japan	Omicron 21K	0.9833502	0.9845236	0.9820078	0.98414195	0.9824817	0.9838212	0.98290265							
2022-01-27	Japan	Omicron 21K	0.98302007	0.9842217	0.98162264	0.9838229	0.98209244	0.98348	0.98253995							
2022-01-28	Japan	Omicron 21K	0.9824635	0.98371315	0.9810276	0.98330945	0.9815117	0.9829211	0.98194474							
2022-01-29	Japan	Omicron 21K	0.98168755	0.983009	0.98022425	0.9825903	0.9807229	0.98217857	0.9811493							
2022-01-30	Japan	Omicron 21K	0.98073053	0.982121	0.9792161	0.98168814	0.9797105	0.98125213	0.9801661							
2022-01-31	Japan	Omicron 21K	0.97958374	0.981067	0.9779995	0.98060244	0.97850484	0.98011696	0.9789841							
2022-02-01	Japan	Omicron 21K	0.9782495	0.9798579	0.9765255	0.9793137	0.97708213	0.9787818	0.9776019							
2022-02-02	Japan	Omicron 21K	0.97670144	0.9784352	0.97484684	0.97781247	0.9754786	0.97726846	0.9759995							
2022-02-03	Japan	Omicron 21K	0.9749538	0.9768042	0.97301906	0.9761043	0.9736635	0.97557807	0.9741885							
2022-02-04	Japan	Omicron 21K	0.97300595	0.9749498	0.9709736	0.9742083	0.97164464	0.9736403	0.97218406							
2022-02-05	Japan	Omicron 21K	0.97084683	0.97295046	0.968658	0.9720871	0.9693762	0.9715047	0.96992373							
2022-02-06	Japan	Omicron 21K	0.968444	0.9707331	0.9660764	0.96979344	0.9668387	0.9691027	0.9674533							
2022-02-07	Japan	Omicron 21K	0.9657825	0.96828747	0.96325177	0.9672462	0.9640481	0.96648633	0.964757							
2022-02-08	Japan	Omicron 21K	0.9628669	0.9655323	0.96020544	0.96443474	0.96100307	0.9636038	0.96179974							
2022-02-09	Japan	Omicron 21K	0.95967853	0.9625018	0.95678496	0.96137977	0.9577192	0.96048486	0.9585435							
2022-02-10	Japan	Omicron 21K	0.9561745	0.95918405	0.9530076	0.9580464	0.9540709	0.95706755	0.95504093							
2022-02-11	Japan	Omicron 21K	0.9523697	0.9555601	0.94894433	0.95436174	0.9501099	0.9533332	0.9511888							
2022-02-12	Japan	Omicron 21K	0.94821906	0.95166206	0.9446938	0.95035106	0.94580233	0.94930565	0.94697213							
2022-02-13	Japan	Omicron 21K	0.9437251	0.9474422	0.9400277	0.9459886	0.94115657	0.9449274	0.9423758							
2022-02-14	Japan	Omicron 21K	0.9388385	0.9427943	0.9348694	0.9413091	0.9361207	0.9402157	0.93741775							
2022-02-15	Japan	Omicron 21K	0.93352604	0.93778	0.9292356	0.93630624	0.9305848	0.9350671	0.9320619							
2022-02-16	Japan	Omicron 21K	0.92787623	0.9324486	0.9231833	0.9309151	0.9247294	0.92954236	0.9262177							
2022-02-17	Japan	Omicron 21K	0.9217142	0.9267744	0.91648984	0.9250535	0.91838014	0.923502	0.9199612							
2022-02-18	Japan	Omicron 21K	0.9150897	0.92065585	0.90929615	0.9187068	0.911533	0.91701776	0.9131541							
2022-02-19	Japan	Omicron 21K	0.90794516	0.91402924	0.90150934	0.91192454	0.904076	0.9100359	0.9058215							
2022-02-20	Japan	Omicron 21K	0.90016997	0.90690446	0.89310265	0.90462595	0.8960054	0.9025765	0.8978542							
2022-02-21	Japan	Omicron 21K	0.89184004	0.89927095	0.88421017	0.8967793	0.88735056	0.89448607	0.88936913							
2022-02-22	Japan	Omicron 21K	0.88301355	0.8911967	0.8748543	0.88833725	0.8779737	0.88582075	0.8803173							
2022-02-23	Japan	Omicron 21K	0.8735226	0.8823668	0.8646877	0.8793055	0.86806285	0.8766196	0.8705427							
2022-02-24	Japan	Omicron 21K	0.8633107	0.8732066	0.85366225	0.86966735	0.8574816	0.8667185	0.8602519							
2022-02-25	Japan	Omicron 21K	0.852521	0.8631858	0.8418218	0.85941887	0.8461615	0.8562565	0.8491277							
2022-02-26	Japan	Omicron 21K	0.8409903	0.8525642	0.829213	0.8486004	0.8341897	0.84512055	0.83730835							
2022-02-27	Japan	Omicron 21K	0.8286843	0.8410005	0.81581736	0.8370642	0.8212479	0.83321023	0.8247322							
2022-02-28	Japan	Omicron 21K	0.8157975	0.8288897	0.8016169	0.8248599	0.8075235	0.8205153	0.81130743							
2022-03-01	Japan	Omicron 21K	0.8020789	0.8164203	0.7866019	0.81206375	0.7930987	0.8071442	0.7969997							
2022-03-02	Japan	Omicron 21K	0.78757155	0.80325854	0.7708952	0.7984583	0.77803946	0.7928142	0.78212386							
2022-03-03	Japan	Omicron 21K	0.7723107	0.789402	0.7543402	0.78385895	0.76205397	0.7779144	0.7664691							
2022-03-04	Japan	Omicron 21K	0.7562104	0.77465945	0.73714274	0.76872075	0.7449557	0.7622691	0.75000507							
2022-03-05	Japan	Omicron 21K	0.7395431	0.7592012	0.7188891	0.75291383	0.7273746	0.7458498	0.73274064							
2022-03-06	Japan	Omicron 21K	0.7221286	0.7430254	0.6998745	0.73637974	0.7095096	0.7287965	0.71470815							
2022-03-07	Japan	Omicron 21K	0.7040278	0.72608334	0.6802126	0.71923566	0.6901171	0.7108639	0.6959369							
2022-03-08	Japan	Omicron 21K	0.68519545	0.7088061	0.6600433	0.70125353	0.6703754	0.69258165	0.676383							
2022-03-09	Japan	Omicron 21K	0.6656883	0.6909371	0.6392763	0.6828338	0.6501364	0.6737356	0.6563985							
2022-03-10	Japan	Omicron 21K	0.6455054	0.6723686	0.6177981	0.6635026	0.6289715	0.6537644	0.63557726							
2022-03-11	Japan	Omicron 21K	0.6248987	0.653051	0.59591097	0.64360183	0.60753864	0.6333839	0.6145474							
2022-03-12	Japan	Omicron 21K	0.6039196	0.63323975	0.57374513	0.62374634	0.5858397	0.612687	0.5930797							
2022-03-13	Japan	Omicron 21K	0.58255386	0.6130531	0.5512788	0.6030334	0.5637414	0.59142786	0.57126814							
2022-03-14	Japan	Omicron 21K	0.56064683	0.59256333	0.52860135	0.5818305	0.54124635	0.5699422	0.549124							
2022-03-15	Japan	Omicron 21K	0.5386436	0.5717484	0.505805	0.56043017	0.51851517	0.5480298	0.5267767							
2022-01-15	Japan	Omicron 21L	0.004341066	0.004967904	0.0038304962	0.0047716033	0.0039789136	0.004549628	0.0041606063							
2022-01-16	Japan	Omicron 21L	0.0047658766	0.0054318244	0.0042162254	0.0052265166	0.0043749204	0.004994358	0.0045719678							
2022-01-17	Japan	Omicron 21L	0.0052285343	0.0059351698	0.0046345787	0.005720233	0.0048055854	0.005469659	0.0050193593							
2022-01-18	Japan	Omicron 21L	0.005733619	0.006487203	0.005088056	0.0062531857	0.005275305	0.00598488	0.00550654							
2022-01-19	Japan	Omicron 21L	0.0062823053	0.007081082	0.0055876863	0.0068385955	0.005791852	0.006549015	0.0060374215							
2022-01-20	Japan	Omicron 21L	0.006878702	0.007723864	0.0061330595	0.0074728834	0.006353226	0.007157135	0.0066194264							
2022-01-21	Japan	Omicron 21L	0.0075293975	0.008424376	0.0067365267	0.008156398	0.006962355	0.007826583	0.0072521316							
2022-01-22	Japan	Omicron 21L	0.008238614	0.009194972	0.0073990477	0.008900186	0.0076311426	0.008549711	0.007949881							
2022-01-23	Japan	Omicron 21L	0.009012269	0.010029806	0.008114562	0.009708205	0.008377794	0.009346021	0.00870708							
2022-01-24	Japan	Omicron 21L	0.009857269	0.010912933	0.008896582	0.010599755	0.009194852	0.0102162305	0.009532775							
2022-01-25	Japan	Omicron 21L	0.010770558	0.01188249	0.009742731	0.011565389	0.010067994	0.011157656	0.010427655							
2022-01-26	Japan	Omicron 21L	0.0117733665	0.012952477	0.010663135	0.012617156	0.011023525	0.012173596	0.01140281							
2022-01-27	Japan	Omicron 21L	0.01286364	0.014115572	0.011680022	0.013752758	0.012055039	0.013275669	0.012470577							
2022-01-28	Japan	Omicron 21L	0.01404376	0.015383778	0.012790622	0.014982298	0.013206303	0.014491318	0.013636529							
2022-01-29	Japan	Omicron 21L	0.015345972	0.016754072	0.013990319	0.01632987	0.014448601	0.015832521	0.014892112							
2022-01-30	Japan	Omicron 21L	0.016765676	0.018247254	0.015299581	0.017805357	0.01581939	0.017289877	0.016275082							
2022-01-31	Japan	Omicron 21L	0.018311072	0.019869506	0.01673416	0.01940661	0.017314566	0.018864729	0.017791409							
2022-02-01	Japan	Omicron 21L	0.019972436	0.02166206	0.018276352	0.021133356	0.018946005	0.020608881	0.01943881							
2022-02-02	Japan	Omicron 21L	0.021793172	0.023554415	0.019971766	0.023012418	0.02071124	0.022486031	0.021234754							
2022-02-03	Japan	Omicron 21L	0.023782881	0.025639681	0.021837858	0.025090043	0.022635698	0.024529394	0.023195159							
2022-02-04	Japan	Omicron 21L	0.02593448	0.027909882	0.023876946	0.027333891	0.024720814	0.026733208	0.025306076							
2022-02-05	Japan	Omicron 21L	0.028277177	0.030420683	0.026073914	0.029759461	0.02699847	0.029126693	0.027646119							
2022-02-06	Japan	Omicron 21L	0.030820532	0.033148937	0.028446037	0.032412644	0.029448908	0.03174551	0.030176558							
2022-02-07	Japan	Omicron 21L	0.033580594	0.03610876	0.031058207	0.035300516	0.032138605	0.03458166	0.032880094							
2022-02-08	Japan	Omicron 21L	0.036576327	0.039317843	0.03391605	0.038436007	0.035069574	0.03765979	0.03585317							
2022-02-09	Japan	Omicron 21L	0.039854534	0.042779386	0.03703177	0.041848525	0.03820254	0.040981807	0.039063755							
2022-02-10	Japan	Omicron 21L	0.043437704	0.046618413	0.040421203	0.04555269	0.041581444	0.04459768	0.04256275							
2022-02-11	Japan	Omicron 21L	0.04729992	0.0507227	0.044098802	0.04959389	0.045321852	0.04849354	0.046343643							
2022-02-12	Japan	Omicron 21L	0.051504888	0.05504517	0.048024256	0.053948294	0.04938395	0.052746505	0.05040696							
2022-02-13	Japan	Omicron 21L	0.056025915	0.05975375	0.05230307	0.058653038	0.053761788	0.05737636	0.054842986							
2022-02-14	Japan	Omicron 21L	0.060974553	0.06494388	0.05701664	0.06367156	0.05851344	0.062378157	0.059610117							
2022-02-15	Japan	Omicron 21L	0.06630311	0.07060352	0.062062863	0.069229	0.06353231	0.06776214	0.06477747							
2022-02-16	Japan	Omicron 21L	0.07198354	0.076652944	0.067417756	0.07512301	0.06895904	0.0736357	0.070317544							
2022-02-17	Japan	Omicron 21L	0.07816457	0.083370015	0.073117845	0.08150904	0.074855566	0.07991795	0.07638282							
2022-02-18	Japan	Omicron 21L	0.08481343	0.090594366	0.079253614	0.08836677	0.08118458	0.08675742	0.08288391							
2022-02-19	Japan	Omicron 21L	0.09197178	0.09840131	0.08589859	0.095846474	0.08799311	0.09409298	0.089893386							
2022-02-20	Japan	Omicron 21L	0.09976438	0.10682692	0.09302187	0.10391407	0.09530618	0.10207426	0.09736474							
2022-02-21	Japan	Omicron 21L	0.10810314	0.115736485	0.10066926	0.1125969	0.103164315	0.11058003	0.10545701							
2022-02-22	Japan	Omicron 21L	0.116937056	0.12510037	0.108759135	0.1219686	0.111616686	0.11964499	0.11413076							
2022-02-23	Japan	Omicron 21L	0.1264373	0.13527456	0.117592156	0.13190012	0.12064486	0.1294201	0.1233421							
2022-02-24	Japan	Omicron 21L	0.13665476	0.14630081	0.12676072	0.14248495	0.13030185	0.13971794	0.1332451							
2022-02-25	Japan	Omicron 21L	0.14744814	0.15814738	0.13678655	0.15380771	0.14055602	0.15084504	0.14371173							
2022-02-26	Japan	Omicron 21L	0.15898642	0.17076129	0.14741252	0.16578262	0.15137509	0.16266865	0.15485781							
2022-02-27	Japan	Omicron 21L	0.17129451	0.18416107	0.158981	0.17872943	0.1629189	0.17524996	0.16677326							
2022-02-28	Japan	Omicron 21L	0.18418685	0.19836497	0.1710917	0.19245765	0.17512372	0.18867502	0.17946586							
2022-03-01	Japan	Omicron 21L	0.19790648	0.21338305	0.18356417	0.20688972	0.18792295	0.2029864	0.192841							
2022-03-02	Japan	Omicron 21L	0.2124177	0.22909075	0.19672817	0.22194934	0.20153087	0.21786547	0.20717664							
2022-03-03	Japan	Omicron 21L	0.2276794	0.24565011	0.21059062	0.2379379	0.21613295	0.23352249	0.22207537							
2022-03-04	Japan	Omicron 21L	0.24378113	0.26285025	0.2253344	0.2550368	0.2312731	0.24998617	0.2377215							
2022-03-05	Japan	Omicron 21L	0.26045042	0.2811043	0.2407937	0.2726191	0.2470811	0.26725352	0.2541421							
2022-03-06	Japan	Omicron 21L	0.2778646	0.30012012	0.25696972	0.29048413	0.26361623	0.2852857	0.271198							
2022-03-07	Japan	Omicron 21L	0.29596716	0.31978232	0.27391258	0.30987737	0.28076	0.3040589	0.28913236							
2022-03-08	Japan	Omicron 21L	0.31480116	0.33995253	0.2911904	0.3296207	0.298743	0.32361308	0.3074139							
2022-03-09	Japan	Omicron 21L	0.33430886	0.36072028	0.30905995	0.34986112	0.31716236	0.34359825	0.3262615							
2022-03-10	Japan	Omicron 21L	0.35449198	0.38219923	0.3276291	0.37102646	0.3364949	0.3644206	0.34623346							
2022-03-11	Japan	Omicron 21L	0.3750996	0.4040864	0.34694707	0.39245945	0.35639593	0.3854504	0.36661443							
2022-03-12	Japan	Omicron 21L	0.39607865	0.42625272	0.3667587	0.41415873	0.3762521	0.4069188	0.3873109							
2022-03-13	Japan	Omicron 21L	0.41744488	0.4487194	0.38694578	0.43625718	0.39696544	0.42873037	0.4085707							
2022-03-14	Japan	Omicron 21L	0.43935204	0.47139722	0.40743572	0.45875257	0.41816866	0.45087492	0.4300565							
2022-03-15	Japan	Omicron 21L	0.46135557	0.49419385	0.42825082	0.48148385	0.4395692	0.4732225	0.45196927							
2022-03-16	Japan	Delta								7.0174616e-07	9.947803e-07	4.7746914e-07	9.13675e-07	5.517083e-07	8.219064e-07	6.199244e-07
2022-03-17	Japan	Delta								5.666271e-07	8.0906966e-07	3.8440464e-07	7.4282644e-07	4.4521292e-07	6.66649e-07	5.010064e-07
2022-03-18	Japan	Delta								4.568145e-07	6.577522e-07	3.0887276e-07	6.0278836e-07	3.588635e-07	5.398758e-07	4.0371128e-07
2022-03-19	Japan	Delta								3.678919e-07	5.332226e-07	2.4769577e-07	4.8818606e-07	2.881124e-07	4.3599013e-07	3.250586e-07
2022-03-20	Japan	Delta								2.9612778e-07	4.318777e-07	1.982493e-07	3.9540018e-07	2.3042594e-07	3.518257e-07	2.6121597e-07
2022-03-21	Japan	Delta								2.38327e-07	3.4991007e-07	1.5836747e-07	3.202601e-07	1.842101e-07	2.8324473e-07	2.0948895e-07
2022-03-22	Japan	Delta								1.9131826e-07	2.8262798e-07	1.2635331e-07	2.5723116e-07	1.4740169e-07	2.2715304e-07	1.6742214e-07
2022-03-23	Japan	Delta								1.5310891e-07	2.2788379e-07	1.006284e-07	2.0622298e-07	1.17219734e-07	1.8171167e-07	1.3328182e-07
2022-03-24	Japan	Delta								1.2217197e-07	1.8341927e-07	7.9988105e-08	1.651187e-07	9.3343424e-08	1.4547261e-07	1.06108516e-07
2022-03-25	Japan	Delta								9.731577e-08	1.47376e-07	6.3468676e-08	1.3222771e-07	7.419469e-08	1.163003e-07	8.431981e-08
2022-03-26	Japan	Delta								7.7415585e-08	1.1821686e-07	5.022597e-08	1.0561875e-07	5.8944657e-08	9.278453e-08	6.691274e-08
2022-03-27	Japan	Delta								6.1467325e-08	9.46723e-08	3.9675015e-08	8.422396e-08	4.672514e-08	7.3905625e-08	5.299873e-08
2022-03-28	Japan	Delta								4.8834902e-08	7.569736e-08	3.12876e-08	6.718396e-08	3.698049e-08	5.867607e-08	4.1904126e-08
2022-03-29	Japan	Delta								3.8593743e-08	6.043339e-08	2.4632625e-08	5.3539026e-08	2.9196393e-08	4.64626e-08	3.3149124e-08
2022-03-30	Japan	Delta								3.047598e-08	4.8176517e-08	1.9363858e-08	4.2600252e-08	2.2987951e-08	3.6809375e-08	2.6211785e-08
2022-03-31	Japan	Delta								2.4085947e-08	3.8351704e-08	1.5200108e-08	3.3846714e-08	1.80635e-08	2.912001e-08	2.0643217e-08
2022-04-01	Japan	Delta								1.9021677e-08	3.040223e-08	1.1919926e-08	2.6854044e-08	1.41740895e-08	2.3024445e-08	1.6245444e-08
2022-04-02	Japan	Delta								1.5003028e-08	2.4069184e-08	9.344587e-09	2.1277518e-08	1.1106937e-08	1.8177676e-08	1.2750677e-08
2022-04-03	Japan	Delta								1.1805233e-08	1.9061588e-08	7.3120168e-09	1.6837491e-08	8.692035e-09	1.4323501e-08	1.0002907e-08
2022-04-04	Japan	Delta								9.271155e-09	1.508896e-08	5.714359e-09	1.3307818e-08	6.7947186e-09	1.1269765e-08	7.849388e-09
2022-04-05	Japan	Delta								7.2763755e-09	1.1931476e-08	4.4608726e-09	1.0503872e-08	5.305411e-09	8.86844e-09	6.1305947e-09
2022-04-06	Japan	Delta								5.7027236e-09	9.427897e-09	3.4787437e-09	8.271609e-09	4.1429216e-09	6.968857e-09	4.7846127e-09
2022-04-07	Japan	Delta								4.4734394e-09	7.442998e-09	2.7102058e-09	6.4931034e-09	3.2293719e-09	5.4684985e-09	3.740918e-09
2022-04-08	Japan	Delta								3.4991001e-09	5.864468e-09	2.1095292e-09	5.099813e-09	2.51502e-09	4.288375e-09	2.9279112e-09
2022-04-09	Japan	Delta								2.7365115e-09	4.610606e-09	1.6404944e-09	4.014744e-09	1.9571653e-09	3.3575958e-09	2.286506e-09
2022-04-10	Japan	Delta								2.1386364e-09	3.6255043e-09	1.2742787e-09	3.1620444e-09	1.5226137e-09	2.6266045e-09	1.7836422e-09
2022-04-11	Japan	Delta								1.6699925e-09	2.8487448e-09	9.887708e-10	2.4870577e-09	1.1854029e-09	2.0534363e-09	1.3889349e-09
2022-04-12	Japan	Delta								1.3031871e-09	2.2383815e-09	7.667127e-10	1.9478175e-09	9.200259e-10	1.6033141e-09	1.0826473e-09
2022-04-13	Japan	Delta								1.0161725e-09	1.7591493e-09	5.941494e-10	1.5286105e-09	7.130064e-10	1.2530303e-09	8.4379576e-10
2022-04-14	Japan	Delta								7.9157153e-10	1.381655e-09	4.601556e-10	1.19815e-09	5.5265864e-10	9.770613e-10	6.56083e-10
2022-04-15	Japan	Delta								6.170476e-10	1.0846015e-09	3.5618763e-10	9.385468e-10	4.2832937e-10	7.614661e-10	5.092322e-10
2022-04-16	Japan	Delta								4.807401e-10	8.5108154e-10	2.75572e-10	7.337427e-10	3.3180822e-10	5.9433464e-10	3.9576342e-10
2022-04-17	Japan	Delta								3.7435227e-10	6.6750017e-10	2.1310294e-10	5.7431665e-10	2.5693858e-10	4.6376913e-10	3.0739067e-10
2022-04-18	Japan	Delta								2.9137048e-10	5.2326943e-10	1.6472443e-10	4.49074e-10	1.988964e-10	3.6148115e-10	2.3830019e-10
2022-04-19	Japan	Delta								2.2663729e-10	4.1002227e-10	1.2727827e-10	3.507306e-10	1.5390544e-10	2.8161984e-10	1.8467103e-10
2022-04-20	Japan	Delta								1.7621159e-10	3.2115374e-10	9.8308695e-11	2.7382002e-10	1.1904919e-10	2.1955257e-10	1.4324442e-10
2022-04-21	Japan	Delta								1.3691388e-10	2.510207e-10	7.588412e-11	2.1370102e-10	9.205671e-11	1.7118819e-10	1.11100296e-10
2022-04-22	Japan	Delta								1.06411865e-10	1.9606468e-10	5.859225e-11	1.6672778e-10	7.1162645e-11	1.3340597e-10	8.6047336e-11
2022-04-23	Japan	Delta								8.2648666e-11	1.5309426e-10	4.5214055e-11	1.3008931e-10	5.5003533e-11	1.0383246e-10	6.661268e-11
2022-04-24	Japan	Delta								6.411208e-11	1.1955088e-10	3.4881296e-11	1.01558734e-10	4.252825e-11	8.078941e-11	5.153198e-11
2022-04-25	Japan	Delta								4.9738144e-11	9.334304e-11	2.690333e-11	7.92363e-11	3.290339e-11	6.284499e-11	3.9837026e-11
2022-04-26	Japan	Delta								3.8580392e-11	7.286187e-11	2.0745426e-11	6.177383e-11	2.5450232e-11	4.8932514e-11	3.080384e-11
2022-04-27	Japan	Delta								2.9954993e-11	5.685336e-11	1.5993682e-11	4.8148412e-11	1.9680653e-11	3.8089643e-11	2.382146e-11
2022-04-28	Japan	Delta								2.323568e-11	4.4346655e-11	1.23279885e-11	3.7545925e-11	1.5215698e-11	2.963687e-11	1.8419844e-11
2022-04-29	Japan	Delta								1.8011795e-11	3.4584786e-11	9.500843e-12	2.9302026e-11	1.176133e-11	2.305538e-11	1.42726e-11
2022-04-30	Japan	Delta								1.3960268e-11	2.696737e-11	7.3208835e-12	2.2863877e-11	9.088594e-12	1.7928005e-11	1.1058158e-11
2022-05-01	Japan	Delta								1.0822105e-11	2.1024491e-11	5.6402855e-12	1.7837098e-11	7.0114643e-12	1.3934116e-11	8.5605585e-12
2022-05-02	Japan	Delta								8.395628e-12	1.638896e-11	4.3449207e-12	1.3906367e-11	5.408367e-12	1.082204e-11	6.6246396e-12
2022-05-03	Japan	Delta								6.512347e-12	1.27738055e-11	3.3466454e-12	1.0837277e-11	4.1713312e-12	8.4047404e-12	5.127144e-12
2022-05-04	Japan	Delta								5.050935e-12	9.954919e-12	2.577438e-12	8.440617e-12	3.2169137e-12	6.5254495e-12	3.9644993e-12
2022-05-05	Japan	Delta								3.9170303e-12	7.757267e-12	1.9848294e-12	6.5704868e-12	2.4806682e-12	5.0635243e-12	3.0617544e-12
2022-05-06	Japan	Delta								3.0354864e-12	6.044166e-12	1.5283308e-12	5.114126e-12	1.9127623e-12	3.928459e-12	2.3643735e-12
2022-05-07	Japan	Delta								2.3528473e-12	4.7089433e-12	1.1767207e-12	3.980157e-12	1.4747432e-12	3.0500875e-12	1.825692e-12
2022-05-08	Japan	Delta								1.823372e-12	3.6685147e-12	9.0593315e-13	3.0972128e-12	1.1369456e-12	2.3700096e-12	1.4099464e-12
2022-05-09	Japan	Delta								1.4122834e-12	2.8578316e-12	6.97409e-13	2.4097517e-12	8.76466e-13	1.8410776e-12	1.0896817e-12
2022-05-10	Japan	Delta								1.0938072e-12	2.226136e-12	5.3684574e-13	1.8747365e-12	6.7561874e-13	1.4295206e-12	8.4231927e-13
2022-05-11	Japan	Delta								8.4710125e-13	1.7339533e-12	4.132245e-13	1.458398e-12	5.2076935e-13	1.1098926e-12	6.5119617e-13
2022-05-12	Japan	Delta								6.563809e-13	1.3517564e-12	3.1805174e-13	1.1344427e-12	4.0138864e-13	8.616808e-13	5.034056e-13
2022-05-13	Japan	Delta								5.0865876e-13	1.0536597e-12	2.44787e-13	8.823927e-13	3.0935982e-13	6.686825e-13	3.8913247e-13
2022-05-14	Japan	Delta								3.9412394e-13	8.212746e-13	1.883904e-13	6.8630426e-13	2.3842327e-13	5.188623e-13	3.0070513e-13
2022-05-15	Japan	Delta								3.0536484e-13	6.3960957e-13	1.4498061e-13	5.3371283e-13	1.8376674e-13	4.0259357e-13	2.3228866e-13
2022-05-16	Japan	Delta								2.3658527e-13	4.981041e-13	1.11569404e-13	4.1502825e-13	1.4163509e-13	3.1236667e-13	1.7928161e-13
2022-05-17	Japan	Delta								1.8328996e-13	3.8788823e-13	8.585486e-14	3.2272215e-13	1.09158844e-13	2.424088e-13	1.383657e-13
2022-05-18	Japan	Delta								1.419541e-13	3.0214633e-13	6.6064856e-14	2.5080206e-13	8.416349e-14	1.880663e-13	1.0678406e-13
2022-05-19	Japan	Delta								1.0990186e-13	2.3542732e-13	5.08338e-14	1.9484929e-13	6.494713e-14	1.4594619e-13	8.240871e-14
2022-05-20	Japan	Delta								8.512684e-14	1.8343402e-13	3.9111777e-14	1.5137423e-13	5.0116917e-14	1.13249945e-13	6.361991e-14
2022-05-21	Japan	Delta								6.594017e-14	1.429193e-13	3.0095135e-14	1.1759655e-13	3.8671987e-14	8.785657e-14	4.912221e-14
2022-05-22	Japan	Delta								5.1076724e-14	1.1134957e-13	2.3157888e-14	9.135372e-14	2.984011e-14	6.815558e-14	3.7939748e-14
2022-05-23	Japan	Delta								3.956272e-14	8.6751204e-14	1.781766e-14	7.0965606e-14	2.3024764e-14	5.285894e-14	2.92908e-14
2022-05-24	Japan	Delta								3.0643585e-14	6.758511e-14	1.3708649e-14	5.51265e-14	1.7765674e-14	4.0990825e-14	2.2603982e-14
2022-05-25	Japan	Delta								2.3733436e-14	5.265226e-14	1.0547053e-14	4.2821615e-14	1.3707536e-14	3.1786876e-14	1.7443385e-14
2022-05-26	Japan	Delta								1.837456e-14	4.101803e-14	8.114479e-15	3.326286e-14	1.0576245e-14	2.4649116e-14	1.3460783e-14
2022-05-27	Japan	Delta								1.4225437e-14	3.195389e-14	6.2428514e-15	2.5837409e-14	8.160138e-15	1.9113934e-14	1.038732e-14
2022-05-28	Japan	Delta								1.1013065e-14	2.4892304e-14	4.8028653e-15	2.0075575e-14	6.2958972e-15	1.4821545e-14	8.015547e-15
2022-03-16	Japan	Omicron 21K								0.5162841	0.5508361	0.48298463	0.53890073	0.4957345	0.5263767	0.5043039
2022-03-17	Japan	Omicron 21K								0.4939341	0.5297461	0.46023497	0.5175431	0.47278008	0.5044193	0.48195335
2022-03-18	Japan	Omicron 21K								0.47174984	0.50854933	0.4376496	0.49598745	0.4502902	0.4826308	0.4595428
2022-03-19	Japan	Omicron 21K								0.44963294	0.48714077	0.4153199	0.47425568	0.42784187	0.46095294	0.43730366
2022-03-20	Japan	Omicron 21K								0.42766416	0.46572536	0.39333257	0.4531339	0.40576535	0.43920115	0.4153966
2022-03-21	Japan	Omicron 21K								0.40593785	0.44443554	0.3716966	0.43194216	0.38400742	0.41791242	0.39355275
2022-03-22	Japan	Omicron 21K								0.38456643	0.42334777	0.35054642	0.4111193	0.36262566	0.39665645	0.3722998
2022-03-23	Japan	Omicron 21K								0.36372727	0.40253866	0.3299268	0.390239	0.34179798	0.37604082	0.35156322
2022-03-24	Japan	Omicron 21K								0.34336263	0.38210806	0.30983958	0.37000212	0.32163367	0.35575098	0.33143052
2022-03-25	Japan	Omicron 21K								0.3236587	0.3621397	0.29044032	0.35020608	0.30213413	0.33592698	0.31190035
2022-03-26	Japan	Omicron 21K								0.30442333	0.34263596	0.2717764	0.33090463	0.2833065	0.3167185	0.29296046
2022-03-27	Japan	Omicron 21K								0.2858363	0.32364976	0.25399643	0.31192166	0.2651206	0.2980714	0.27468294
2022-03-28	Japan	Omicron 21K								0.2678514	0.30517793	0.23704562	0.29351208	0.24764656	0.28004095	0.25708205
2022-03-29	Japan	Omicron 21K								0.25063372	0.28736308	0.220887	0.27574542	0.23099522	0.26281905	0.24017358
2022-03-30	Japan	Omicron 21K								0.23436862	0.27022374	0.20553315	0.2586606	0.21499242	0.24629408	0.22410592
2022-03-31	Japan	Omicron 21K								0.21869233	0.2537015	0.1909849	0.24228023	0.19996056	0.23044503	0.20888874
2022-04-01	Japan	Omicron 21K								0.20385696	0.2378602	0.1771631	0.22664987	0.18581535	0.21501946	0.19433978
2022-04-02	Japan	Omicron 21K								0.18984996	0.2227129	0.16410002	0.21185102	0.17241795	0.20054665	0.18048738
2022-04-03	Japan	Omicron 21K								0.17650989	0.20826656	0.1518225	0.19764899	0.15972553	0.18683024	0.16750899
2022-04-04	Japan	Omicron 21K								0.16392747	0.19452278	0.14030933	0.18415388	0.14780433	0.17383966	0.15530376
2022-04-05	Japan	Omicron 21K								0.15202549	0.18147814	0.12953594	0.17138354	0.13665847	0.16160873	0.1438773
2022-04-06	Japan	Omicron 21K								0.14091346	0.16912448	0.11947477	0.15932581	0.12620868	0.15003452	0.13305578
2022-04-07	Japan	Omicron 21K								0.13039227	0.15745011	0.11009626	0.14796492	0.11642134	0.13911955	0.123025864
2022-04-08	Japan	Omicron 21K								0.12052942	0.14643951	0.10136916	0.13728186	0.10730733	0.12892072	0.11358015
2022-04-09	Japan	Omicron 21K								0.11137822	0.13608935	0.09325929	0.12742037	0.09888714	0.1194521	0.1047557
2022-04-10	Japan	Omicron 21K								0.1029001	0.12634012	0.085736096	0.11802721	0.09107999	0.1105627	0.096560195
2022-04-11	Japan	Omicron 21K								0.09497133	0.117197335	0.07876705	0.109239936	0.08381141	0.1022991	0.08898714
2022-04-12	Japan	Omicron 21K								0.08759459	0.1086387	0.07231971	0.10103194	0.077083424	0.09458748	0.081921406
2022-04-13	Japan	Omicron 21K								0.0807714	0.10061772	0.06636207	0.09340173	0.07085182	0.08738348	0.07537705
2022-04-14	Japan	Omicron 21K								0.074434325	0.09312712	0.060863018	0.08632375	0.06508279	0.08065276	0.06935078
2022-04-15	Japan	Omicron 21K								0.06852375	0.086140886	0.05579241	0.079734996	0.0597198	0.07429421	0.063776
2022-04-16	Japan	Omicron 21K								0.06306213	0.07963273	0.051121283	0.07360866	0.054798003	0.068399675	0.058623318
2022-04-17	Japan	Omicron 21K								0.05803609	0.07357669	0.046821825	0.067918256	0.05025778	0.06294101	0.05380854
2022-04-18	Japan	Omicron 21K								0.053390354	0.06794718	0.04286765	0.06263802	0.0460931	0.057938315	0.049365405
2022-04-19	Japan	Omicron 21K								0.049079824	0.06271927	0.039238706	0.057757452	0.042237543	0.05332002	0.04529093
2022-04-20	Japan	Omicron 21K								0.04510078	0.057868622	0.03591605	0.05323758	0.03869142	0.049086023	0.04155066
2022-04-21	Japan	Omicron 21K								0.04141797	0.053371765	0.03286513	0.049052972	0.035432212	0.045177538	0.038107164
2022-04-22	Japan	Omicron 21K								0.0380126	0.04921124	0.03006529	0.045181636	0.032438975	0.041549694	0.034938645
2022-04-23	Japan	Omicron 21K								0.03487034	0.04536996	0.027497191	0.041602433	0.029696058	0.0381709	0.03202481
2022-04-24	Japan	Omicron 21K								0.031983215	0.041815314	0.025142768	0.038295437	0.027182283	0.035100855	0.029346585
2022-04-25	Japan	Omicron 21K								0.02932861	0.03852795	0.022985175	0.035241622	0.02485697	0.032272514	0.026886128
2022-04-26	Japan	Omicron 21K								0.0268977	0.035489455	0.021008745	0.032423154	0.02273382	0.029659683	0.024626724
2022-04-27	Japan	Omicron 21K								0.024660725	0.03268244	0.01919892	0.029807243	0.020788716	0.027249275	0.022552788
2022-04-28	Japan	Omicron 21K								0.022608526	0.03009544	0.017542213	0.02737816	0.019007534	0.025018262	0.020649817
2022-04-29	Japan	Omicron 21K								0.020712534	0.027709596	0.016026132	0.02514193	0.017376438	0.02296791	0.018904299
2022-04-30	Japan	Omicron 21K								0.018981146	0.025497295	0.014639122	0.023123968	0.015883053	0.021089125	0.01730373
2022-05-01	Japan	Omicron 21K								0.017394483	0.023457348	0.013368674	0.021267248	0.014516105	0.019364927	0.015836488
2022-05-02	Japan	Omicron 21K								0.015938308	0.021579936	0.012204757	0.019556625	0.013260382	0.017778004	0.014481871
2022-05-03	Japan	Omicron 21K								0.014602702	0.019855335	0.011141033	0.01798107	0.012110876	0.0163162	0.013246624
2022-05-04	Japan	Omicron 21K								0.01338117	0.01827236	0.010168616	0.016530307	0.011064482	0.01497276	0.012117825
2022-05-05	Japan	Omicron 21K								0.012260544	0.016813505	0.00928024	0.015194785	0.010107854	0.013738393	0.011085022
2022-05-06	Japan	Omicron 21K								0.011231707	0.015469294	0.00846881	0.013964432	0.0092333825	0.012600173	0.010139748
2022-05-07	Japan	Omicron 21K								0.010286016	0.0142309945	0.0077277776	0.012827681	0.008433926	0.011553024	0.009274391
2022-05-08	Japan	Omicron 21K								0.009418722	0.0130905	0.0070492616	0.011782352	0.0077031534	0.010591698	0.008482249
2022-05-09	Japan	Omicron 21K								0.0086239185	0.012040852	0.0064312173	0.010821281	0.007035244	0.009709576	0.007755197
2022-05-10	Japan	Omicron 21K								0.00789565	0.011074701	0.0058700047	0.009937806	0.006424876	0.008900261	0.0070921266
2022-05-11	Japan	Omicron 21K								0.0072271293	0.0101852715	0.0053575034	0.009125775	0.0058671455	0.008157851	0.0064848512
2022-05-12	Japan	Omicron 21K								0.0066141738	0.009366598	0.0048895096	0.008378434	0.0053572054	0.0074769007	0.005929265
2022-05-13	Japan	Omicron 21K								0.0060524	0.008613155	0.0044619357	0.007691828	0.00489094	0.006852395	0.005421014
2022-05-14	Japan	Omicron 21K								0.005537888	0.007919837	0.004071603	0.0070610894	0.0044650706	0.0062815216	0.0049561164
2022-05-15	Japan	Omicron 21K								0.005066893	0.007281917	0.0037145105	0.0064811143	0.0040761307	0.0057589514	0.004530906
2022-05-16	Japan	Omicron 21K								0.004635768	0.006695037	0.0033872756	0.005945425	0.0037209438	0.005277559	0.0041420255
2022-05-17	Japan	Omicron 21K								0.0042411694	0.006155161	0.0030887784	0.005453769	0.0033966051	0.004835834	0.003785724
2022-05-18	Japan	Omicron 21K								0.00388003	0.005658569	0.002816513	0.0050025666	0.0031004464	0.0044314126	0.0034602317
2022-05-19	Japan	Omicron 21K								0.0035495304	0.005201837	0.0025681846	0.004588525	0.0028300374	0.0040606614	0.0031627435
2022-05-20	Japan	Omicron 21K								0.0032470925	0.004781792	0.0023417007	0.0042086034	0.002583151	0.0037206016	0.0028907554
2022-05-21	Japan	Omicron 21K								0.0029703458	0.0043955157	0.0021351457	0.0038600166	0.002357754	0.0034089219	0.0026420201
2022-05-22	Japan	Omicron 21K								0.0027179616	0.0040403185	0.0019467752	0.0035400626	0.0021519796	0.0031229248	0.0024145509
2022-05-23	Japan	Omicron 21K								0.0024872753	0.003713715	0.0017749942	0.0032464992	0.0019641295	0.0028608963	0.0022070901
2022-05-24	Japan	Omicron 21K								0.0022761226	0.003413424	0.0016183464	0.0029772045	0.0017926473	0.0026207936	0.0020173364
2022-05-25	Japan	Omicron 21K								0.0020830627	0.0031373394	0.0014755018	0.0027301866	0.0016362072	0.0024007952	0.0018432087
2022-05-26	Japan	Omicron 21K								0.0019070716	0.0028835197	0.0013452494	0.0025036123	0.001493443	0.0021992216	0.0016844091
2022-05-27	Japan	Omicron 21K								0.0017459228	0.0026501794	0.0012264809	0.0022957998	0.0013631195	0.0020149513	0.001539712
2022-05-28	Japan	Omicron 21K								0.0015983694	0.0024354018	0.0011181866	0.0021051986	0.0012441465	0.0018457021	0.0014071355
2022-03-16	Japan	Omicron 21L								0.48371524	0.51701444	0.44916326	0.5042648	0.46109828	0.4956955	0.47362244
2022-03-17	Japan	Omicron 21L								0.50606537	0.5397643	0.47025335	0.52721936	0.48245615	0.51804626	0.49557993
2022-03-18	Japan	Omicron 21L								0.52824974	0.5623498	0.49145025	0.5497093	0.5040119	0.5404567	0.51736856
2022-03-19	Japan	Omicron 21L								0.5503667	0.5846796	0.5128588	0.57215786	0.52574384	0.5626959	0.53904665
2022-03-20	Japan	Omicron 21L								0.5723356	0.606667	0.53427434	0.59423417	0.5468658	0.58460313	0.56079865
2022-03-21	Japan	Omicron 21L								0.594062	0.6283032	0.55556417	0.61599237	0.5680576	0.60644686	0.58208734
2022-03-22	Japan	Omicron 21L								0.61543334	0.6494534	0.57665193	0.63737416	0.5888804	0.62770003	0.60334337
2022-03-23	Japan	Omicron 21L								0.63627255	0.67007303	0.5974612	0.6582018	0.60976076	0.6484366	0.62395895
2022-03-24	Japan	Omicron 21L								0.6566372	0.6901603	0.6178918	0.6783662	0.62999773	0.6685693	0.6442489
2022-03-25	Japan	Omicron 21L								0.67634124	0.70955956	0.6378602	0.6978657	0.6497938	0.6880996	0.6640729
2022-03-26	Japan	Omicron 21L								0.6955766	0.72822356	0.65736395	0.7166934	0.6690953	0.7070394	0.6832814
2022-03-27	Japan	Omicron 21L								0.71416366	0.7460035	0.6763501	0.7348794	0.6880783	0.725317	0.70192856
2022-03-28	Japan	Omicron 21L								0.73214847	0.76295435	0.694822	0.7523534	0.7064878	0.7429179	0.71995896
2022-03-29	Japan	Omicron 21L								0.7493662	0.77911294	0.7126369	0.76900476	0.72425455	0.7598264	0.73718095
2022-03-30	Japan	Omicron 21L								0.7656314	0.79446685	0.72977626	0.78500754	0.74133927	0.77589405	0.75370586
2022-03-31	Japan	Omicron 21L								0.7813077	0.8090151	0.74629843	0.8000394	0.7577197	0.79111123	0.7695549
2022-04-01	Japan	Omicron 21L								0.796143	0.8228369	0.7621398	0.81418467	0.7733501	0.8056602	0.7849805
2022-04-02	Japan	Omicron 21L								0.81015	0.83589995	0.77728707	0.82758206	0.788149	0.81951255	0.7994533
2022-04-03	Japan	Omicron 21L								0.82349014	0.84817743	0.7917334	0.84027445	0.802351	0.83249104	0.8131697
2022-04-04	Japan	Omicron 21L								0.83607256	0.85969067	0.80547714	0.8521957	0.815846	0.8446963	0.8261603
2022-04-05	Japan	Omicron 21L								0.8479745	0.870464	0.81852186	0.86334145	0.8286164	0.8561228	0.83839124
2022-04-06	Japan	Omicron 21L								0.8590865	0.88052523	0.8308755	0.87379134	0.8406742	0.8669442	0.84996545
2022-04-07	Japan	Omicron 21L								0.8696077	0.88990366	0.8425499	0.8835787	0.85203505	0.87697417	0.8608804
2022-04-08	Japan	Omicron 21L								0.8794706	0.89863086	0.8535605	0.8926927	0.86271816	0.88641983	0.87107927
2022-04-09	Japan	Omicron 21L								0.88862175	0.9067408	0.8639107	0.9011128	0.8725797	0.89524436	0.8805479
2022-04-10	Japan	Omicron 21L								0.89709985	0.9142639	0.87365985	0.90891993	0.88197273	0.9034398	0.88943726
2022-04-11	Japan	Omicron 21L								0.9050287	0.92123294	0.8828027	0.9161886	0.89076006	0.91101295	0.8977009
2022-04-12	Japan	Omicron 21L								0.91240543	0.92768025	0.89136136	0.92291665	0.8989681	0.91807854	0.90541255
2022-04-13	Japan	Omicron 21L								0.9192286	0.93363786	0.8993823	0.92914814	0.9065982	0.9246229	0.9126165
2022-04-14	Japan	Omicron 21L								0.92556566	0.939137	0.9068729	0.9349172	0.91367626	0.93064916	0.9193473
2022-04-15	Japan	Omicron 21L								0.93147624	0.94420755	0.9138591	0.9402802	0.92026496	0.9362239	0.9257058
2022-04-16	Japan	Omicron 21L								0.93693787	0.94887865	0.92036724	0.94520205	0.92639124	0.94137675	0.93160033
2022-04-17	Japan	Omicron 21L								0.9419639	0.95317817	0.9264233	0.9497422	0.9320817	0.94619143	0.9370589
2022-04-18	Japan	Omicron 21L								0.9466096	0.95713234	0.93205285	0.9539069	0.93736196	0.9506346	0.9420617
2022-04-19	Japan	Omicron 21L								0.95092016	0.9607613	0.9372807	0.9577624	0.94224256	0.95470905	0.94668
2022-04-20	Japan	Omicron 21L								0.9548992	0.96408397	0.94213134	0.9613086	0.94676244	0.9584493	0.95091397
2022-04-21	Japan	Omicron 21L								0.95858204	0.96713483	0.9466283	0.9645678	0.95094705	0.96189284	0.9548224
2022-04-22	Japan	Omicron 21L								0.9619874	0.96993476	0.9507888	0.967561	0.95481837	0.96506137	0.9584504
2022-04-23	Japan	Omicron 21L								0.9651297	0.9725028	0.95462996	0.9703039	0.95839757	0.96797514	0.9618291
2022-04-24	Japan	Omicron 21L								0.9680168	0.9748573	0.95818466	0.97281766	0.9617045	0.97065336	0.9648992
2022-04-25	Japan	Omicron 21L								0.97067136	0.97701484	0.96147203	0.975143	0.96475834	0.97311383	0.96772754
2022-04-26	Japan	Omicron 21L								0.97310233	0.97899127	0.96451056	0.97726613	0.96757686	0.97537327	0.9703404
2022-04-27	Japan	Omicron 21L								0.97533923	0.98080105	0.9673176	0.9792113	0.9701927	0.9774472	0.97275066
2022-04-28	Japan	Omicron 21L								0.9773915	0.9824579	0.96990454	0.98099244	0.9726218	0.9793502	0.9749817
2022-04-29	Japan	Omicron 21L								0.9792875	0.98397386	0.9722904	0.9826236	0.97485816	0.9810957	0.9770321
2022-04-30	Japan	Omicron 21L								0.9810189	0.9853609	0.9745027	0.984117	0.976876	0.9826962	0.9789109
2022-05-01	Japan	Omicron 21L								0.98260546	0.9866313	0.97654265	0.9854839	0.9787327	0.9841635	0.98063505
2022-05-02	Japan	Omicron 21L								0.9840616	0.98779523	0.97842	0.98673964	0.9804434	0.98551816	0.982222
2022-05-03	Japan	Omicron 21L								0.98539734	0.98885906	0.9801446	0.9878891	0.98201895	0.98675334	0.9836838
2022-05-04	Japan	Omicron 21L								0.9866188	0.9898314	0.9817277	0.98893553	0.9834697	0.9878822	0.98502725
2022-05-05	Japan	Omicron 21L								0.98773944	0.9907198	0.9831865	0.9898922	0.98480517	0.988915	0.9862616
2022-05-06	Japan	Omicron 21L								0.98876834	0.99153113	0.9845307	0.99076664	0.9860356	0.98986024	0.9873999
2022-05-07	Japan	Omicron 21L								0.989714	0.9922722	0.9857689	0.99156606	0.9871723	0.99072564	0.98844695
2022-05-08	Japan	Omicron 21L								0.9905813	0.9929507	0.9869095	0.9922968	0.9882177	0.9915178	0.9894083
2022-05-09	Japan	Omicron 21L								0.9913761	0.9935688	0.98795915	0.9929648	0.9891787	0.9922448	0.99029046
2022-05-10	Japan	Omicron 21L								0.9921044	0.99413	0.9889252	0.99357516	0.99006224	0.9929079	0.9910997
2022-05-11	Japan	Omicron 21L								0.9927729	0.9946425	0.9898147	0.9941329	0.9908742	0.99351513	0.9918421
2022-05-12	Japan	Omicron 21L								0.99338585	0.9951105	0.99063337	0.99464273	0.9916215	0.99407077	0.9925231
2022-05-13	Japan	Omicron 21L								0.9939476	0.995538	0.9913869	0.995109	0.99230814	0.99457896	0.9931476
2022-05-14	Japan	Omicron 21L								0.99446213	0.9959284	0.9920802	0.9955349	0.99293894	0.9950438	0.9937185
2022-05-15	Japan	Omicron 21L								0.9949331	0.9962855	0.9927181	0.9959238	0.9935188	0.99546903	0.9942411
2022-05-16	Japan	Omicron 21L								0.99536425	0.99661267	0.99330497	0.99627906	0.99405456	0.99585795	0.9947225
2022-05-17	Japan	Omicron 21L								0.99575883	0.9969112	0.99384487	0.9966034	0.99454623	0.9962143	0.99516416
2022-05-18	Japan	Omicron 21L								0.99612	0.9971835	0.99434143	0.9968996	0.9949975	0.9965398	0.9955686
2022-05-19	Japan	Omicron 21L								0.99645054	0.9974318	0.9947982	0.99717	0.9954116	0.9968372	0.9959394
2022-05-20	Japan	Omicron 21L								0.99675286	0.99765825	0.99521816	0.99741685	0.99579144	0.99710923	0.9962794
2022-05-21	Japan	Omicron 21L								0.99702966	0.99786484	0.9956045	0.9976422	0.99614006	0.99735796	0.99659115
2022-05-22	Japan	Omicron 21L								0.997282	0.9980532	0.99595964	0.997848	0.99646	0.9975855	0.9968771
2022-05-23	Japan	Omicron 21L								0.99751276	0.998225	0.99628633	0.99803585	0.99675345	0.9977929	0.9971391
2022-05-24	Japan	Omicron 21L								0.9977239	0.9983816	0.9965866	0.99820733	0.9970228	0.9979826	0.9973792
2022-05-25	Japan	Omicron 21L								0.99791694	0.99852455	0.9968627	0.9983638	0.9972698	0.9981567	0.99759924
2022-05-26	Japan	Omicron 21L								0.9980929	0.9986547	0.99711645	0.9985065	0.99749637	0.99831563	0.9978007
2022-05-27	Japan	Omicron 21L								0.99825406	0.99877346	0.99734986	0.99863684	0.9977042	0.9984603	0.997985
2022-05-28	Japan	Omicron 21L								0.99840164	0.9988818	0.9975647	0.9987559	0.9978948	0.9985928	0.99815434
