date	location	variant	median_freq_nowcast	freq_upper_95	freq_lower_95	freq_upper_80	freq_lower_80	freq_upper_50	freq_lower_50	median_freq_forecast	freq_forecast_upper_95	freq_forecast_lower_95	freq_forecast_upper_80	freq_forecast_lower_80	freq_forecast_upper_50	freq_forecast_lower_50
2022-02-10	Brazil	Delta	0.0009348576	0.00155487	0.00056435994	0.0012952414	0.0006419163	0.0011193894	0.0007626805							
2022-02-11	Brazil	Delta	0.0008835152	0.0015044524	0.00053066073	0.0012406326	0.0005992877	0.0010668904	0.0007166109							
2022-02-12	Brazil	Delta	0.0008417465	0.0014491135	0.0004961379	0.0011879655	0.0005633898	0.0010258226	0.00066804234							
2022-02-13	Brazil	Delta	0.0008001743	0.0013893525	0.00046463098	0.0011439952	0.0005259881	0.0009809741	0.0006324553							
2022-02-14	Brazil	Delta	0.00075703184	0.0013468987	0.00043525302	0.0011052621	0.00049554737	0.0009316308	0.00060128124							
2022-02-15	Brazil	Delta	0.0007183725	0.0013198942	0.00040647993	0.0010705106	0.0004640175	0.0008942682	0.0005606369							
2022-02-16	Brazil	Delta	0.00068195246	0.0012850447	0.00038069588	0.0010355073	0.000435527	0.0008583751	0.00052515813							
2022-02-17	Brazil	Delta	0.0006463191	0.001250691	0.0003533439	0.0010003576	0.00040806422	0.00081847707	0.0004965797							
2022-02-18	Brazil	Delta	0.0006127652	0.0012103277	0.00032674824	0.0009645193	0.00038235754	0.0007866794	0.00046941542							
2022-02-19	Brazil	Delta	0.0005816364	0.0011827929	0.00030088186	0.0009310053	0.00035549415	0.00075435673	0.00044076808							
2022-02-20	Brazil	Delta	0.0005519325	0.0011559159	0.000279097	0.00089540647	0.00033093922	0.0007213658	0.000415132							
2022-02-21	Brazil	Delta	0.00052229397	0.0011273203	0.00025928085	0.00085929746	0.00030749268	0.0006919419	0.0003916487							
2022-02-22	Brazil	Delta	0.00049489725	0.0010992356	0.00024046632	0.00082408555	0.0002892596	0.000660942	0.0003674537							
2022-02-23	Brazil	Delta	0.00046830912	0.0010680866	0.0002206185	0.00079473905	0.00026881034	0.00063124095	0.00034508624							
2022-02-24	Brazil	Delta	0.0004420643	0.0010397618	0.00020605333	0.00076554855	0.00025230245	0.00060643663	0.00032489607							
2022-02-25	Brazil	Delta	0.0004198965	0.0010119979	0.00018925854	0.00074045756	0.00023746333	0.00058302993	0.00030359643							
2022-02-26	Brazil	Delta	0.00039751976	0.0009856459	0.00017319285	0.0007132067	0.00022121741	0.00056030747	0.0002834							
2022-02-27	Brazil	Delta	0.00037648258	0.0009601518	0.00015922464	0.00068882696	0.00020581568	0.0005329508	0.00026708707							
2022-02-28	Brazil	Delta	0.00035695394	0.00093916815	0.00014554303	0.0006645068	0.00019170146	0.00050670863	0.0002510245							
2022-03-01	Brazil	Delta	0.00033665483	0.0009194716	0.00013376912	0.0006413137	0.00017851999	0.0004837542	0.00023451583							
2022-03-02	Brazil	Delta	0.00031772166	0.00090085366	0.00012364767	0.0006170481	0.00016578751	0.00046211234	0.00021830178							
2022-03-03	Brazil	Delta	0.00030142482	0.0008859917	0.00011415452	0.000593478	0.00015340524	0.00044415955	0.00020481052							
2022-03-04	Brazil	Delta	0.00028441078	0.00086732133	0.000105134284	0.00056943623	0.00014214477	0.00042376693	0.00019192595							
2022-03-05	Brazil	Delta	0.00026806368	0.0008488083	9.619504e-05	0.0005459216	0.00013170409	0.00040363145	0.00017941542							
2022-03-06	Brazil	Delta	0.0002526369	0.0008311763	8.790441e-05	0.0005259012	0.00012193507	0.00038524368	0.00016764569							
2022-03-07	Brazil	Delta	0.00023787431	0.00081218174	8.056746e-05	0.0005049564	0.00011280791	0.0003663619	0.00015670656							
2022-03-08	Brazil	Delta	0.00022414944	0.0007887245	7.408221e-05	0.00048337033	0.00010433134	0.00034923435	0.000146888							
2022-03-09	Brazil	Delta	0.00021083833	0.00076556066	6.808329e-05	0.000459426	9.646835e-05	0.0003329205	0.00013690171							
2022-03-10	Brazil	Delta	0.00019813546	0.00074268226	6.2476596e-05	0.00044204533	8.9150555e-05	0.00031795	0.00012713093							
2022-03-11	Brazil	Delta	0.00018655047	0.0007237091	5.705787e-05	0.0004264075	8.253484e-05	0.00030313284	0.00011847732							
2022-03-12	Brazil	Delta	0.0001755115	0.00070498866	5.222376e-05	0.00040942282	7.612976e-05	0.00029014685	0.0001108422							
2022-03-13	Brazil	Delta	0.00016513941	0.0006829903	4.7970003e-05	0.00039335535	7.0181486e-05	0.000276841	0.00010330054							
2022-03-14	Brazil	Delta	0.00015507522	0.00066084415	4.4032025e-05	0.00037766196	6.4609405e-05	0.00026401872	9.600115e-05							
2022-03-15	Brazil	Delta	0.00014567707	0.00063889136	4.0387706e-05	0.0003623357	5.9447808e-05	0.00025204607	8.9083245e-05							
2022-03-16	Brazil	Delta	0.0001367961	0.0006173372	3.7016485e-05	0.0003473706	5.4687007e-05	0.00023970113	8.254608e-05							
2022-03-17	Brazil	Delta	0.00012821148	0.00059619785	3.3862456e-05	0.00033276153	5.0279203e-05	0.00022657806	7.64347e-05							
2022-03-18	Brazil	Delta	0.00012004984	0.00057523407	3.0926243e-05	0.0003185042	4.61789e-05	0.00021326989	7.1296585e-05							
2022-03-19	Brazil	Delta	0.000112301124	0.00055474055	2.821975e-05	0.0003045951	4.237513e-05	0.0002019709	6.6340115e-05							
2022-03-20	Brazil	Delta	0.00010515575	0.0005364733	2.5726447e-05	0.00029103158	3.8917224e-05	0.00019125029	6.111522e-05							
2022-03-21	Brazil	Delta	9.8473385e-05	0.00051822315	2.3430975e-05	0.00027781172	3.5696223e-05	0.00018084564	5.6185116e-05							
2022-03-22	Brazil	Delta	9.17826e-05	0.00050000916	2.1319072e-05	0.00026460574	3.2621116e-05	0.00017053419	5.1669293e-05							
2022-03-23	Brazil	Delta	8.52331e-05	0.00048185256	1.9377494e-05	0.0002523431	2.9820383e-05	0.00016061353	4.776075e-05							
2022-03-24	Brazil	Delta	7.919861e-05	0.0004637764	1.7593913e-05	0.00023939196	2.7231072e-05	0.00015093543	4.4201148e-05							
2022-03-25	Brazil	Delta	7.360127e-05	0.00044580572	1.5956866e-05	0.00022650688	2.4840438e-05	0.00014157136	4.072375e-05							
2022-03-26	Brazil	Delta	6.831324e-05	0.0004261657	1.441498e-05	0.0002145559	2.2644774e-05	0.00013250009	3.728443e-05							
2022-03-27	Brazil	Delta	6.335543e-05	0.00040663037	1.3004526e-05	0.00020375538	2.0671481e-05	0.00012419031	3.4092023e-05							
2022-03-28	Brazil	Delta	5.8816368e-05	0.00038746826	1.1714274e-05	0.00019281474	1.887245e-05	0.00011625625	3.1145697e-05							
2022-03-29	Brazil	Delta	5.4276075e-05	0.0003687027	1.0538597e-05	0.00018199619	1.72102e-05	0.00010855643	2.8528848e-05							
2022-03-30	Brazil	Delta	5.003119e-05	0.00035035683	9.441977e-06	0.00017207654	1.5653864e-05	0.0001012294	2.6156602e-05							
2022-03-31	Brazil	Delta	4.614946e-05	0.000332652	8.446008e-06	0.00016267494	1.4196555e-05	9.426746e-05	2.3852215e-05							
2022-04-01	Brazil	Delta	4.2647574e-05	0.00031596702	7.5448697e-06	0.0001530381	1.27831e-05	8.766258e-05	2.174097e-05							
2022-04-02	Brazil	Delta	3.9361865e-05	0.00029973115	6.7306646e-06	0.00014362663	1.1539992e-05	8.148819e-05	1.9801726e-05							
2022-04-03	Brazil	Delta	3.628315e-05	0.0002839595	5.9960566e-06	0.00013419095	1.0350866e-05	7.569384e-05	1.7997208e-05							
2022-04-04	Brazil	Delta	3.327788e-05	0.0002686659	5.3342415e-06	0.00012489196	9.345943e-06	7.02734e-05	1.628388e-05							
2022-04-05	Brazil	Delta	3.0437104e-05	0.00025386305	4.738906e-06	0.00011647768	8.383199e-06	6.510519e-05	1.4788144e-05							
2022-04-06	Brazil	Delta	2.7891503e-05	0.0002395619	4.2041956e-06	0.0001086148	7.5195594e-06	5.9863843e-05	1.342928e-05							
2022-04-07	Brazil	Delta	2.5505487e-05	0.00022587756	3.7246866e-06	0.000101435784	6.7646033e-06	5.5116798e-05	1.211178e-05							
2022-04-08	Brazil	Delta	2.3234796e-05	0.0002127036	3.2953633e-06	9.472691e-05	6.0532384e-06	5.0846975e-05	1.0941957e-05							
2022-04-09	Brazil	Delta	2.1102538e-05	0.00020029178	2.9115845e-06	8.855418e-05	5.4242364e-06	4.6721674e-05	9.878808e-06							
2022-04-10	Brazil	Delta	1.9110925e-05	0.00018919518	2.5690683e-06	8.265176e-05	4.8544503e-06	4.2958392e-05	8.911071e-06							
2022-02-10	Brazil	Omicron 21K	0.98217946	0.984045	0.9796479	0.98329717	0.9806813	0.9828155	0.98142904							
2022-02-11	Brazil	Omicron 21K	0.98089993	0.9828727	0.97831357	0.9821155	0.97935057	0.98157156	0.9801362							
2022-02-12	Brazil	Omicron 21K	0.9795434	0.98159796	0.9768755	0.9808464	0.9779151	0.98023033	0.9787371							
2022-02-13	Brazil	Omicron 21K	0.9780809	0.9802326	0.97528934	0.97942215	0.97635436	0.9787867	0.97724634							
2022-02-14	Brazil	Omicron 21K	0.9765003	0.9787445	0.97359294	0.9778751	0.97468925	0.97722954	0.9755996							
2022-02-15	Brazil	Omicron 21K	0.97480416	0.97712016	0.9717705	0.9761953	0.9728992	0.9755659	0.9738385							
2022-02-16	Brazil	Omicron 21K	0.97296816	0.9754113	0.9698106	0.9744748	0.970963	0.97375625	0.97195375							
2022-02-17	Brazil	Omicron 21K	0.97100204	0.9735509	0.9676713	0.972557	0.96887827	0.9718076	0.9699098							
2022-02-18	Brazil	Omicron 21K	0.96888804	0.9715575	0.9653996	0.9705419	0.96666396	0.969713	0.9677397							
2022-02-19	Brazil	Omicron 21K	0.9665785	0.9693693	0.96300185	0.9683564	0.96431136	0.96746755	0.965419							
2022-02-20	Brazil	Omicron 21K	0.96409714	0.9670342	0.96043384	0.9659451	0.961811	0.9650403	0.96293515							
2022-02-21	Brazil	Omicron 21K	0.9614092	0.9644753	0.9576645	0.96340007	0.9590252	0.96241474	0.9601639							
2022-02-22	Brazil	Omicron 21K	0.9584989	0.9617593	0.95470935	0.9606856	0.9560654	0.95959336	0.9572518							
2022-02-23	Brazil	Omicron 21K	0.9554283	0.9588884	0.9515538	0.9577697	0.9528868	0.9565588	0.9541627							
2022-02-24	Brazil	Omicron 21K	0.9521383	0.9558444	0.9480516	0.9546146	0.9494838	0.95334506	0.95078456							
2022-02-25	Brazil	Omicron 21K	0.9486022	0.95254165	0.9443691	0.95121247	0.9458777	0.94990396	0.94715834							
2022-02-26	Brazil	Omicron 21K	0.9448129	0.9489597	0.9403653	0.9475587	0.9419039	0.94619626	0.94324124							
2022-02-27	Brazil	Omicron 21K	0.94076484	0.94506544	0.93613064	0.94363487	0.93761986	0.9421936	0.9391841							
2022-02-28	Brazil	Omicron 21K	0.9364172	0.94094884	0.93140036	0.9395283	0.9330226	0.93795127	0.93482566							
2022-03-01	Brazil	Omicron 21K	0.9317717	0.93665886	0.926314	0.9351094	0.92818	0.9334245	0.93011045							
2022-03-02	Brazil	Omicron 21K	0.92681086	0.9320053	0.9210237	0.9303702	0.92300534	0.9286307	0.9250413							
2022-03-03	Brazil	Omicron 21K	0.9214932	0.9269404	0.9154532	0.925298	0.91751784	0.923502	0.9195895							
2022-03-04	Brazil	Omicron 21K	0.91585785	0.9217527	0.909445	0.91997707	0.91174763	0.9179195	0.913674							
2022-03-05	Brazil	Omicron 21K	0.9098561	0.9161893	0.90300035	0.9144214	0.9054211	0.91203153	0.9075888							
2022-03-06	Brazil	Omicron 21K	0.9035063	0.9100918	0.89610165	0.9083393	0.8986946	0.9058809	0.90091324							
2022-03-07	Brazil	Omicron 21K	0.8968066	0.9036975	0.8887019	0.90177774	0.89148533	0.8991833	0.89391315							
2022-03-08	Brazil	Omicron 21K	0.8896032	0.8970078	0.88082653	0.8948712	0.8839201	0.8921342	0.88650334							
2022-03-09	Brazil	Omicron 21K	0.88190037	0.8898584	0.8723893	0.88759786	0.8758248	0.8847289	0.8786025							
2022-03-10	Brazil	Omicron 21K	0.8737303	0.88265425	0.86340004	0.8798402	0.8670975	0.8767994	0.87035155							
2022-03-11	Brazil	Omicron 21K	0.86516273	0.87466085	0.8538505	0.87167096	0.8578547	0.86844	0.8614065							
2022-03-12	Brazil	Omicron 21K	0.85613525	0.8663535	0.84375143	0.86304754	0.84828144	0.8598448	0.85197055							
2022-03-13	Brazil	Omicron 21K	0.8464732	0.85756946	0.8331655	0.8539114	0.83798784	0.85048735	0.8419449							
2022-03-14	Brazil	Omicron 21K	0.8363073	0.8483205	0.8223461	0.84456	0.827387	0.8407119	0.8314439							
2022-03-15	Brazil	Omicron 21K	0.8256873	0.838585	0.81077635	0.834721	0.81585956	0.8304387	0.8204293							
2022-03-16	Brazil	Omicron 21K	0.8147198	0.8281385	0.79800564	0.82428867	0.80389845	0.8194189	0.8087151							
2022-03-17	Brazil	Omicron 21K	0.8029661	0.8173522	0.78456616	0.81323206	0.791423	0.80803776	0.7963659							
2022-03-18	Brazil	Omicron 21K	0.7906585	0.8063985	0.7704909	0.80182606	0.77823645	0.79610103	0.7834612							
2022-03-19	Brazil	Omicron 21K	0.7777483	0.7949691	0.75589055	0.78980166	0.7644319	0.7836131	0.7701204							
2022-03-20	Brazil	Omicron 21K	0.76429355	0.7829625	0.7409876	0.7773562	0.75019616	0.7705583	0.75619423							
2022-03-21	Brazil	Omicron 21K	0.7503231	0.770398	0.725338	0.76445246	0.7354602	0.756848	0.74178874							
2022-03-22	Brazil	Omicron 21K	0.735747	0.7571801	0.70880246	0.7511256	0.72018826	0.7428738	0.7269101							
2022-03-23	Brazil	Omicron 21K	0.7206404	0.7433959	0.6918576	0.7370389	0.7041768	0.7284133	0.71118784							
2022-03-24	Brazil	Omicron 21K	0.7052704	0.72947955	0.67441875	0.7224157	0.68767107	0.71323866	0.69497925							
2022-03-25	Brazil	Omicron 21K	0.6891723	0.7150716	0.656673	0.7074855	0.6706215	0.6977224	0.6783191							
2022-03-26	Brazil	Omicron 21K	0.6726696	0.69994915	0.6387187	0.69232845	0.6530783	0.6817684	0.66139287							
2022-03-27	Brazil	Omicron 21K	0.6557205	0.6843833	0.6200271	0.6765153	0.6350581	0.66506815	0.64393127							
2022-03-28	Brazil	Omicron 21K	0.6383383	0.6684077	0.6009655	0.6601872	0.61684525	0.64822876	0.6261882							
2022-03-29	Brazil	Omicron 21K	0.62083536	0.6519001	0.5816746	0.6436662	0.5981018	0.6313401	0.6079713							
2022-03-30	Brazil	Omicron 21K	0.6029326	0.6349777	0.5619461	0.6266651	0.57927716	0.6138933	0.5896491							
2022-03-31	Brazil	Omicron 21K	0.58476543	0.61785436	0.5419054	0.60930943	0.56001985	0.59636503	0.57110745							
2022-04-01	Brazil	Omicron 21K	0.5664742	0.60062855	0.52170527	0.5919983	0.54096156	0.57810944	0.5522871							
2022-04-02	Brazil	Omicron 21K	0.54800016	0.5831677	0.5018235	0.5745575	0.52170646	0.5597371	0.53337014							
2022-04-03	Brazil	Omicron 21K	0.5292151	0.5655128	0.48193341	0.5566584	0.50231594	0.5412345	0.51421577							
2022-04-04	Brazil	Omicron 21K	0.5101212	0.5476968	0.46209592	0.5388789	0.48295423	0.5227792	0.49508062							
2022-04-05	Brazil	Omicron 21K	0.49121994	0.5298064	0.4423877	0.5207127	0.46359655	0.5041802	0.4759409							
2022-04-06	Brazil	Omicron 21K	0.4722637	0.51199615	0.42286885	0.5024025	0.44427252	0.48544437	0.45679432							
2022-04-07	Brazil	Omicron 21K	0.45351672	0.49402958	0.40386254	0.484096	0.42499936	0.46709996	0.43785605							
2022-04-08	Brazil	Omicron 21K	0.43490893	0.4761778	0.38518178	0.46606654	0.40619373	0.4486437	0.4192471							
2022-04-09	Brazil	Omicron 21K	0.4164071	0.4582984	0.36684194	0.44800693	0.38757855	0.4301667	0.4008245							
2022-04-10	Brazil	Omicron 21K	0.39799723	0.44065788	0.34882766	0.4298972	0.3691871	0.41188166	0.38271025							
2022-02-10	Brazil	other	0.00035644753	0.00073387683	0.00018331458	0.0005889027	0.00022187739	0.00045505405	0.00028062705							
2022-02-11	Brazil	other	0.00036870397	0.00075988506	0.0001914703	0.0006034611	0.00023024701	0.00046713045	0.0002903959							
2022-02-12	Brazil	other	0.00037982225	0.0007880216	0.00019598394	0.0006167281	0.00023847751	0.00048071583	0.00029689388							
2022-02-13	Brazil	other	0.00039225366	0.0008179071	0.0002014979	0.0006307168	0.0002484635	0.0004967393	0.00030906312							
2022-02-14	Brazil	other	0.0004076697	0.00084505987	0.00020792565	0.0006570322	0.00025914866	0.00051233574	0.00032022054							
2022-02-15	Brazil	other	0.00042140676	0.000875243	0.00021679324	0.00067753997	0.00027119456	0.0005309567	0.00033045173							
2022-02-16	Brazil	other	0.00043615408	0.000907007	0.00022561321	0.00070022105	0.00027863565	0.0005470526	0.00034077093							
2022-02-17	Brazil	other	0.00044974833	0.00094188435	0.0002323155	0.00071637495	0.00028596367	0.00056343083	0.00034959917							
2022-02-18	Brazil	other	0.00046190718	0.00097129436	0.00023945152	0.0007362065	0.0002983671	0.0005814348	0.00035931356							
2022-02-19	Brazil	other	0.00047846825	0.0010035193	0.00024756213	0.00076463737	0.00030963463	0.00059696066	0.0003711613							
2022-02-20	Brazil	other	0.0004928751	0.0010591664	0.00025481923	0.00078134955	0.0003187597	0.00061510695	0.0003833723							
2022-02-21	Brazil	other	0.0005092997	0.0010900372	0.00025958574	0.0008006209	0.0003282541	0.00064204645	0.0003961843							
2022-02-22	Brazil	other	0.000524348	0.0011202006	0.00026512338	0.0008382702	0.0003392771	0.000664341	0.00041064032							
2022-02-23	Brazil	other	0.0005388261	0.0011663209	0.0002729109	0.0008743756	0.00034848088	0.0006860695	0.00042493222							
2022-02-24	Brazil	other	0.00055177556	0.0012128938	0.00028085604	0.0009019603	0.00035639276	0.0007147843	0.00043951417							
2022-02-25	Brazil	other	0.0005682865	0.0012459508	0.00028895383	0.00094132323	0.0003654571	0.0007391932	0.00045487133							
2022-02-26	Brazil	other	0.00058805966	0.0012904659	0.00029654847	0.0009765354	0.0003731104	0.00077056146	0.00046254654							
2022-02-27	Brazil	other	0.0006077378	0.001343109	0.00030116492	0.0010129483	0.00038364448	0.0007977206	0.00047631795							
2022-02-28	Brazil	other	0.0006257993	0.0013975643	0.0003052767	0.0010484654	0.00039618672	0.0008192744	0.00048770144							
2022-03-01	Brazil	other	0.0006484119	0.001450942	0.00030955626	0.0010922902	0.00040601692	0.0008492217	0.0004979678							
2022-03-02	Brazil	other	0.0006654947	0.0014993139	0.00031126814	0.0011387637	0.00041458508	0.0008755257	0.0005096704							
2022-03-03	Brazil	other	0.0006857603	0.0015511357	0.00031404523	0.0011855259	0.00041989848	0.0009104941	0.000523738							
2022-03-04	Brazil	other	0.00070593576	0.0016220809	0.00031672866	0.0012315587	0.00042741204	0.0009430575	0.00053593377							
2022-03-05	Brazil	other	0.00073063193	0.0016983772	0.0003176945	0.0012813511	0.00043362426	0.0009795511	0.0005431995							
2022-03-06	Brazil	other	0.00074519456	0.0017773279	0.00031840533	0.0013332074	0.00043944851	0.0010101633	0.00055398804							
2022-03-07	Brazil	other	0.000765068	0.0018660487	0.00032106743	0.0013974376	0.00044388857	0.0010444734	0.0005656928							
2022-03-08	Brazil	other	0.0007802035	0.0019561274	0.00032148624	0.0014470394	0.00044619496	0.0010799599	0.00057727203							
2022-03-09	Brazil	other	0.0007934292	0.002040615	0.0003195088	0.0014921213	0.0004513082	0.0011239083	0.0005921481							
2022-03-10	Brazil	other	0.0008115134	0.0021273377	0.0003194953	0.0015546823	0.00045736582	0.0011567858	0.000605392							
2022-03-11	Brazil	other	0.00083330914	0.0022161808	0.00031927176	0.0015983912	0.0004636339	0.0011981382	0.0006141743							
2022-03-12	Brazil	other	0.0008480954	0.0023235604	0.0003188264	0.0016526327	0.00046971606	0.0012297843	0.0006228739							
2022-03-13	Brazil	other	0.0008649609	0.0024216853	0.00031860487	0.0017138757	0.0004741999	0.0012719074	0.0006300611							
2022-03-14	Brazil	other	0.00088057027	0.0024980637	0.00031836412	0.001770374	0.00048017895	0.0013083254	0.0006437566							
2022-03-15	Brazil	other	0.0008992357	0.0026070785	0.0003188349	0.0018271662	0.00047995546	0.0013344246	0.00065458636							
2022-03-16	Brazil	other	0.0009249155	0.0027304506	0.00031987752	0.0018951988	0.00048228406	0.001368485	0.0006656561							
2022-03-17	Brazil	other	0.0009389508	0.0028354235	0.0003206812	0.0019713035	0.00048239017	0.0014109546	0.0006717169							
2022-03-18	Brazil	other	0.0009562109	0.0029257396	0.00032123196	0.002059605	0.00048226665	0.0014600903	0.0006808492							
2022-03-19	Brazil	other	0.0009794788	0.003038229	0.00031803336	0.00215198	0.000484173	0.0014914172	0.0006874515							
2022-03-20	Brazil	other	0.0009918484	0.003159009	0.00031422573	0.0022329164	0.00048632105	0.0015263333	0.00069016777							
2022-03-21	Brazil	other	0.0010016288	0.0032811626	0.00031092815	0.0023037088	0.0004885649	0.0015714022	0.0006955971							
2022-03-22	Brazil	other	0.0010137729	0.0034045645	0.00030915462	0.002389206	0.0004919119	0.0016083901	0.00070136576							
2022-03-23	Brazil	other	0.0010231837	0.0035362195	0.00030705996	0.0024480834	0.00049211323	0.001634641	0.0007081239							
2022-03-24	Brazil	other	0.0010286705	0.003686383	0.00030463908	0.002517175	0.0004919713	0.0016650722	0.0007078124							
2022-03-25	Brazil	other	0.0010384602	0.0038403147	0.0003018888	0.0025548567	0.00048758136	0.00169871	0.0007085463							
2022-03-26	Brazil	other	0.0010427233	0.0040038982	0.00029755553	0.0026444097	0.00048693773	0.0017266499	0.00070631615							
2022-03-27	Brazil	other	0.0010488449	0.004145772	0.0002927515	0.0027349915	0.000480506	0.0017539093	0.0007007026							
2022-03-28	Brazil	other	0.0010568821	0.004272161	0.0002860558	0.0027998686	0.000473034	0.0017765826	0.000697364							
2022-03-29	Brazil	other	0.001062178	0.0043573854	0.00027839933	0.0028639168	0.00046538893	0.0018015439	0.00069670385							
2022-03-30	Brazil	other	0.0010619061	0.004433888	0.00027242478	0.0029206728	0.00045977967	0.001820438	0.00069708604							
2022-03-31	Brazil	other	0.0010660416	0.0045189285	0.0002662458	0.0029784609	0.00045081208	0.0018361097	0.000690875							
2022-04-01	Brazil	other	0.001079026	0.004630565	0.000260532	0.003031816	0.00044091482	0.0018471293	0.000681659							
2022-04-02	Brazil	other	0.0010795854	0.0046972213	0.00025634168	0.0030929423	0.00043553798	0.001857285	0.0006741499							
2022-04-03	Brazil	other	0.0010791484	0.0047650323	0.00025048247	0.0031420512	0.0004296763	0.0018708727	0.0006642084							
2022-04-04	Brazil	other	0.0010809731	0.0048791682	0.0002437779	0.003197765	0.00042358346	0.0018831536	0.0006593897							
2022-04-05	Brazil	other	0.0010743757	0.005024977	0.00023691353	0.0032501218	0.0004146557	0.0018860572	0.000652886							
2022-04-06	Brazil	other	0.0010645273	0.005175598	0.00022991424	0.0032963657	0.0004074268	0.0018863134	0.0006466218							
2022-04-07	Brazil	other	0.0010597372	0.005265391	0.00022280557	0.0033332142	0.00039806875	0.0018970438	0.0006362222							
2022-04-08	Brazil	other	0.0010538395	0.0053501264	0.00021561327	0.003362499	0.00038854862	0.0019001133	0.00062408915							
2022-04-09	Brazil	other	0.0010479598	0.0054336553	0.00020836334	0.0033482143	0.00037736833	0.0018918118	0.00061081967							
2022-04-10	Brazil	other	0.0010415588	0.005511549	0.0002010815	0.0033308284	0.00036536742	0.0018871923	0.000595893							
2022-02-10	Brazil	Omicron 21L	0.01648122	0.018773492	0.0146454945	0.017868068	0.015345062	0.017198324	0.015924323							
2022-02-11	Brazil	Omicron 21L	0.017778002	0.020149631	0.015824715	0.0192323	0.016594222	0.01852013	0.017185263							
2022-02-12	Brazil	Omicron 21L	0.019176133	0.021624219	0.017113287	0.020688899	0.017943028	0.019927256	0.018550947							
2022-02-13	Brazil	Omicron 21L	0.02067547	0.023204029	0.018545676	0.022265207	0.019349592	0.021461636	0.020037092							
2022-02-14	Brazil	Omicron 21L	0.022284023	0.024930432	0.02006796	0.023922639	0.020906786	0.023128534	0.02159881							
2022-02-15	Brazil	Omicron 21L	0.024025489	0.026787527	0.021704536	0.02572491	0.02254321	0.024901858	0.023285732							
2022-02-16	Brazil	Omicron 21L	0.025870845	0.028778736	0.023474658	0.027690586	0.024335664	0.026809437	0.025121137							
2022-02-17	Brazil	Omicron 21L	0.027874123	0.03086922	0.02537228	0.029783776	0.026285276	0.028838204	0.02709453							
2022-02-18	Brazil	Omicron 21L	0.030036619	0.03309066	0.027399378	0.03202374	0.028336797	0.031010976	0.029216064							
2022-02-19	Brazil	Omicron 21L	0.032357454	0.035571106	0.029600142	0.034412075	0.030567262	0.033353698	0.03146437							
2022-02-20	Brazil	Omicron 21L	0.03481274	0.03823553	0.03197167	0.03699269	0.032949585	0.035915226	0.0339347							
2022-02-21	Brazil	Omicron 21L	0.0374894	0.041060127	0.03446408	0.03978942	0.035477266	0.03866212	0.03656869							
2022-02-22	Brazil	Omicron 21L	0.040338136	0.04413999	0.037136346	0.042724572	0.038273454	0.041602787	0.03937503							
2022-02-23	Brazil	Omicron 21L	0.04345394	0.047333263	0.040002607	0.045961235	0.04114072	0.044760883	0.04241934							
2022-02-24	Brazil	Omicron 21L	0.046739213	0.05085265	0.043130465	0.049342513	0.044278465	0.048135817	0.04566297							
2022-02-25	Brazil	Omicron 21L	0.050293136	0.05443477	0.046521723	0.052890424	0.04766432	0.051734604	0.04915142							
2022-02-26	Brazil	Omicron 21L	0.0541124	0.058427956	0.050059065	0.05678994	0.051287077	0.055569	0.052833997							
2022-02-27	Brazil	Omicron 21L	0.058134846	0.06276479	0.05400254	0.061156377	0.055197112	0.05964714	0.056803726							
2022-02-28	Brazil	Omicron 21L	0.06246694	0.06747949	0.058173172	0.06566762	0.059325602	0.06403296	0.061065793							
2022-03-01	Brazil	Omicron 21L	0.067105845	0.072438985	0.062444746	0.07058901	0.063774906	0.0688366	0.06561813							
2022-03-02	Brazil	Omicron 21L	0.07202855	0.077782795	0.067086525	0.07573601	0.06850054	0.07392106	0.070432976							
2022-03-03	Brazil	Omicron 21L	0.07740891	0.08336803	0.0719966	0.08119523	0.07357601	0.07939474	0.0755678							
2022-03-04	Brazil	Omicron 21L	0.083101995	0.08932919	0.077171974	0.08692271	0.078944735	0.0852054	0.08105254							
2022-03-05	Brazil	Omicron 21L	0.08903581	0.09577574	0.08268328	0.09322836	0.08459898	0.091465995	0.08697732							
2022-03-06	Brazil	Omicron 21L	0.095412284	0.10272234	0.08867805	0.09990965	0.090624034	0.09800526	0.09309611							
2022-03-07	Brazil	Omicron 21L	0.102151096	0.11014691	0.09492004	0.10713426	0.09709914	0.104973726	0.09975892							
2022-03-08	Brazil	Omicron 21L	0.109294675	0.11807543	0.10154849	0.11490342	0.10401022	0.11243601	0.106868744							
2022-03-09	Brazil	Omicron 21L	0.11693102	0.12650506	0.1085816	0.12300531	0.11133042	0.120326534	0.11424437							
2022-03-10	Brazil	Omicron 21L	0.1249693	0.13544214	0.11613345	0.13178873	0.11903392	0.1286447	0.12208092							
2022-03-11	Brazil	Omicron 21L	0.13352385	0.1449036	0.124029405	0.14092973	0.12718743	0.13741323	0.13044721							
2022-03-12	Brazil	Omicron 21L	0.14252266	0.15495077	0.13228405	0.15039948	0.1358789	0.14679657	0.13918243							
2022-03-13	Brazil	Omicron 21L	0.15208411	0.1657762	0.14108303	0.16066182	0.14514318	0.15690906	0.14845341							
2022-03-14	Brazil	Omicron 21L	0.16218454	0.17695412	0.15021788	0.17147504	0.15441372	0.16737883	0.1581385							
2022-03-15	Brazil	Omicron 21L	0.17295824	0.18859223	0.16017032	0.18301976	0.1643825	0.17845872	0.16846271							
2022-03-16	Brazil	Omicron 21L	0.18393525	0.20140217	0.17036302	0.19483182	0.17490095	0.1899615	0.17928462							
2022-03-17	Brazil	Omicron 21L	0.1957638	0.21484719	0.18104514	0.20712115	0.18562618	0.20219532	0.19059739							
2022-03-18	Brazil	Omicron 21L	0.20811462	0.22889206	0.19224113	0.22010833	0.1970264	0.21498536	0.20245829							
2022-03-19	Brazil	Omicron 21L	0.220896	0.24319944	0.2039463	0.23388924	0.20890416	0.22843474	0.21503195							
2022-03-20	Brazil	Omicron 21L	0.23431313	0.2581128	0.21595994	0.24807276	0.22136377	0.2424262	0.22801095							
2022-03-21	Brazil	Omicron 21L	0.2483731	0.27388662	0.22845215	0.2629649	0.23420337	0.2567817	0.24163494							
2022-03-22	Brazil	Omicron 21L	0.26297712	0.29023644	0.24143797	0.27839226	0.24741259	0.27188277	0.25553626							
2022-03-23	Brazil	Omicron 21L	0.2779697	0.30714968	0.25519943	0.29434937	0.26138812	0.28735515	0.27029493							
2022-03-24	Brazil	Omicron 21L	0.29348472	0.32449514	0.26938212	0.31102794	0.27606702	0.30349275	0.2852442							
2022-03-25	Brazil	Omicron 21L	0.30949283	0.34191465	0.2835658	0.3277631	0.2909654	0.31989652	0.30094588							
2022-03-26	Brazil	Omicron 21L	0.3258766	0.36019862	0.29849365	0.34517956	0.30633038	0.3369017	0.3168532							
2022-03-27	Brazil	Omicron 21L	0.3428514	0.37909272	0.3141164	0.36328232	0.32210103	0.3543093	0.3332188							
2022-03-28	Brazil	Omicron 21L	0.36033523	0.39835092	0.33011162	0.3819119	0.33828405	0.37214363	0.3500039							
2022-03-29	Brazil	Omicron 21L	0.3780837	0.41777515	0.34667823	0.40051174	0.354905	0.39032167	0.36713272							
2022-03-30	Brazil	Omicron 21L	0.3960117	0.43739736	0.3630317	0.4193777	0.37194362	0.40864414	0.38468727							
2022-03-31	Brazil	Omicron 21L	0.41388828	0.45744115	0.37961528	0.4384723	0.38918248	0.42731032	0.40233338							
2022-04-01	Brazil	Omicron 21L	0.43210566	0.47740895	0.3968358	0.45774144	0.4065239	0.44629222	0.42031127							
2022-04-02	Brazil	Omicron 21L	0.45065606	0.49732217	0.41443878	0.4771042	0.4239965	0.4654847	0.43864638							
2022-04-03	Brazil	Omicron 21L	0.46947947	0.51699334	0.43223554	0.49642086	0.441481	0.4845677	0.45711392							
2022-04-04	Brazil	Omicron 21L	0.4883753	0.536501	0.45016086	0.51596195	0.459524	0.5036303	0.47569388							
2022-04-05	Brazil	Omicron 21L	0.5073572	0.5559715	0.46811306	0.53531456	0.4776598	0.5228567	0.49431285							
2022-04-06	Brazil	Omicron 21L	0.52634656	0.5752589	0.48613492	0.5544606	0.49547276	0.541837	0.5128997							
2022-04-07	Brazil	Omicron 21L	0.54514796	0.5943072	0.50432336	0.5737078	0.51383895	0.5607103	0.531469							
2022-04-08	Brazil	Omicron 21L	0.5638753	0.61307704	0.522444	0.5926969	0.53220093	0.5793973	0.54991865							
2022-04-09	Brazil	Omicron 21L	0.5823804	0.6315063	0.54052913	0.6113135	0.5500639	0.5977751	0.56813204							
2022-04-10	Brazil	Omicron 21L	0.6006243	0.6495477	0.55843693	0.6296555	0.56802285	0.615928	0.5863647							
2022-04-11	Brazil	Delta								1.728491e-05	0.00017849443	2.2638692e-06	7.6711825e-05	4.3390814e-06	3.944412e-05	8.031468e-06
2022-04-12	Brazil	Delta								1.5613557e-05	0.00016819485	1.992356e-06	7.11086e-05	3.8736393e-06	3.6103935e-05	7.2335965e-06
2022-04-13	Brazil	Delta								1.4095499e-05	0.00015830007	1.7511929e-06	6.593327e-05	3.4539223e-06	3.3040084e-05	6.5124896e-06
2022-04-14	Brazil	Delta								1.2748371e-05	0.00014881202	1.537325e-06	6.10852e-05	3.0760082e-06	3.0214153e-05	5.8380506e-06
2022-04-15	Brazil	Delta								1.14995855e-05	0.00013973101	1.3479562e-06	5.652348e-05	2.7369363e-06	2.7596865e-05	5.2353826e-06
2022-04-16	Brazil	Delta								1.0358054e-05	0.00013105561	1.1805362e-06	5.2215855e-05	2.4326037e-06	2.5227644e-05	4.7032872e-06
2022-04-17	Brazil	Delta								9.348039e-06	0.00012278277	1.0327415e-06	4.8161346e-05	2.1551452e-06	2.3096789e-05	4.2043166e-06
2022-04-18	Brazil	Delta								8.441387e-06	0.00011490806	9.024626e-07	4.4355027e-05	1.9068576e-06	2.1123242e-05	3.7541502e-06
2022-04-19	Brazil	Delta								7.6147135e-06	0.000107425425	7.8778646e-07	4.061123e-05	1.69074e-06	1.9298306e-05	3.3424758e-06
2022-04-20	Brazil	Delta								6.8185336e-06	0.000100327656	6.869844e-07	3.71444e-05	1.494616e-06	1.74848e-05	2.9752548e-06
2022-04-21	Brazil	Delta								6.1168466e-06	9.3606264e-05	5.984961e-07	3.401213e-05	1.3167651e-06	1.5774775e-05	2.6515463e-06
2022-04-22	Brazil	Delta								5.493144e-06	8.725583e-05	5.209008e-07	3.1164094e-05	1.1590079e-06	1.4277811e-05	2.35822e-06
2022-04-23	Brazil	Delta								4.9285263e-06	8.126635e-05	4.529595e-07	2.8528755e-05	1.0192533e-06	1.295151e-05	2.094989e-06
2022-04-24	Brazil	Delta								4.4224416e-06	7.562082e-05	3.9354316e-07	2.6093938e-05	8.9559984e-07	1.1726506e-05	1.8599153e-06
2022-04-25	Brazil	Delta								3.9573365e-06	7.030736e-05	3.4164196e-07	2.384742e-05	7.863208e-07	1.0605314e-05	1.6498874e-06
2022-04-26	Brazil	Delta								3.5359667e-06	6.531368e-05	2.9635538e-07	2.1777316e-05	6.898539e-07	9.557226e-06	1.462454e-06
2022-04-27	Brazil	Delta								3.1544628e-06	6.0627004e-05	2.5688223e-07	1.987214e-05	6.04788e-07	8.595399e-06	1.2953706e-06
2022-04-28	Brazil	Delta								2.8120626e-06	5.62209e-05	2.2251088e-07	1.8098484e-05	5.299848e-07	7.723441e-06	1.146586e-06
2022-04-29	Brazil	Delta								2.5090562e-06	5.1903087e-05	1.9261057e-07	1.6459655e-05	4.646952e-07	6.9295493e-06	1.0142795e-06
2022-04-30	Brazil	Delta								2.2372524e-06	4.788409e-05	1.666235e-07	1.4996794e-05	4.0726798e-07	6.2351796e-06	8.976798e-07
2022-05-01	Brazil	Delta								1.9893396e-06	4.4150904e-05	1.4405707e-07	1.3656116e-05	3.573345e-07	5.6010927e-06	7.955689e-07
2022-05-02	Brazil	Delta								1.7720199e-06	4.069103e-05	1.2447708e-07	1.2428594e-05	3.138097e-07	5.0286553e-06	7.0425733e-07
2022-05-03	Brazil	Delta								1.5775679e-06	3.748027e-05	1.0750155e-07	1.1289103e-05	2.7543612e-07	4.51243e-06	6.2189696e-07
2022-05-04	Brazil	Delta								1.4037203e-06	3.4503653e-05	9.279483e-08	1.0197808e-05	2.416309e-07	4.047265e-06	5.489084e-07
2022-05-05	Brazil	Delta								1.2474117e-06	3.1746713e-05	8.0062506e-08	9.208032e-06	2.1187232e-07	3.6449323e-06	4.8427097e-07
2022-05-06	Brazil	Delta								1.1082707e-06	2.919551e-05	6.904676e-08	8.320812e-06	1.8569422e-07	3.2855041e-06	4.2706725e-07
2022-05-07	Brazil	Delta								9.849805e-07	2.6836713e-05	5.952201e-08	7.534244e-06	1.6234947e-07	2.95998e-06	3.76526e-07
2022-05-08	Brazil	Delta								8.7409944e-07	2.4657542e-05	5.1291238e-08	6.819287e-06	1.4162157e-07	2.6596222e-06	3.321662e-07
2022-05-09	Brazil	Delta								7.754178e-07	2.2683998e-05	4.4182514e-08	6.169795e-06	1.2349349e-07	2.3888695e-06	2.9300537e-07
2022-05-10	Brazil	Delta								6.8764234e-07	2.087326e-05	3.8046032e-08	5.579861e-06	1.0764774e-07	2.1449437e-06	2.5833384e-07
2022-05-11	Brazil	Delta								6.0960826e-07	1.9199762e-05	3.2751366e-08	5.0446324e-06	9.380397e-08	1.9270901e-06	2.2730354e-07
2022-05-12	Brazil	Delta								5.4026845e-07	1.7654118e-05	2.8185088e-08	4.559299e-06	8.171502e-08	1.7340292e-06	1.9992686e-07
2022-05-13	Brazil	Delta								4.786823e-07	1.6227432e-05	2.424866e-08	4.119434e-06	7.116325e-08	1.5597965e-06	1.7580076e-07
2022-05-14	Brazil	Delta								4.2400615e-07	1.4911314e-05	2.0856543e-08	3.7246048e-06	6.195702e-08	1.4000669e-06	1.5454779e-07
2022-05-15	Brazil	Delta								3.754159e-07	1.3697856e-05	1.7934557e-08	3.3761175e-06	5.3927945e-08	1.2563454e-06	1.3592488e-07
2022-05-16	Brazil	Delta								3.3222716e-07	1.2579625e-05	1.5418415e-08	3.0595475e-06	4.69281e-08	1.1264096e-06	1.195362e-07
2022-05-17	Brazil	Delta								2.9424103e-07	1.1549641e-05	1.3252449e-08	2.7720787e-06	4.0827672e-08	1.0070664e-06	1.05102984e-07
2022-05-18	Brazil	Delta								2.6009383e-07	1.0601372e-05	1.1388487e-08	2.511128e-06	3.5512798e-08	9.00204e-07	9.2395695e-08
2022-05-19	Brazil	Delta								2.2996178e-07	9.728705e-06	9.784877e-09	2.274327e-06	3.088375e-08	8.0402884e-07	8.1211034e-08
2022-05-20	Brazil	Delta								2.0344993e-07	8.925935e-06	8.405612e-09	2.0595062e-06	2.6853169e-08	7.2048664e-07	7.1369065e-08
2022-05-21	Brazil	Delta								1.8001396e-07	8.181387e-06	7.2196036e-09	1.8646812e-06	2.3344615e-08	6.455217e-07	6.251061e-08
2022-05-22	Brazil	Delta								1.5925283e-07	7.4953246e-06	6.200003e-09	1.6880371e-06	2.0291235e-08	5.782707e-07	5.4736034e-08
2022-05-23	Brazil	Delta								1.4091268e-07	6.865719e-06	5.3236526e-09	1.5279172e-06	1.7634589e-08	5.17954e-07	4.7922725e-08
2022-05-24	Brazil	Delta								1.2467096e-07	6.288081e-06	4.5705733e-09	1.3828089e-06	1.5323636e-08	4.6355936e-07	4.19529e-08
2022-04-11	Brazil	Omicron 21K								0.37989998	0.42320627	0.33113652	0.41215366	0.3510737	0.39408362	0.36495858
2022-04-12	Brazil	Omicron 21K								0.36221266	0.40588832	0.3138362	0.3946362	0.3334033	0.3765574	0.34732765
2022-04-13	Brazil	Omicron 21K								0.34484777	0.38880932	0.29703286	0.37739217	0.3161195	0.3594157	0.32999432
2022-04-14	Brazil	Omicron 21K								0.32803887	0.37197065	0.2809056	0.36042708	0.29955235	0.34266403	0.31336552
2022-04-15	Brazil	Omicron 21K								0.31181645	0.35544544	0.26529396	0.3436979	0.28351307	0.32622525	0.29730555
2022-04-16	Brazil	Omicron 21K								0.29570937	0.3393548	0.2502462	0.32737032	0.26802602	0.31013128	0.2816415
2022-04-17	Brazil	Omicron 21K								0.28033078	0.32359207	0.23574395	0.31160858	0.2530921	0.29443687	0.2664389
2022-04-18	Brazil	Omicron 21K								0.26537097	0.30821168	0.22167815	0.29623073	0.23872449	0.27937195	0.2517285
2022-04-19	Brazil	Omicron 21K								0.25107282	0.29325077	0.20822775	0.28123888	0.22493201	0.2647662	0.2375789
2022-04-20	Brazil	Omicron 21K								0.23721576	0.2787286	0.195393	0.26676765	0.21171959	0.25063738	0.22399859
2022-04-21	Brazil	Omicron 21K								0.223823	0.2646611	0.18317035	0.25295216	0.19907534	0.23704928	0.21101022
2022-04-22	Brazil	Omicron 21K								0.21094155	0.251061	0.17155293	0.23951012	0.18699075	0.22408003	0.19852725
2022-04-23	Brazil	Omicron 21K								0.1987538	0.23793787	0.16053084	0.22656724	0.17549756	0.21149138	0.1867315
2022-04-24	Brazil	Omicron 21K								0.18699697	0.2252983	0.15009159	0.21413071	0.16453283	0.19942147	0.17546071
2022-04-25	Brazil	Omicron 21K								0.17582878	0.21314603	0.1402205	0.20220193	0.15415013	0.18790303	0.16470805
2022-04-26	Brazil	Omicron 21K								0.16521059	0.20148215	0.13090102	0.19077957	0.14432141	0.17698978	0.15446655
2022-04-27	Brazil	Omicron 21K								0.15522198	0.1903053	0.122115105	0.17985967	0.13508873	0.1665207	0.14462756
2022-04-28	Brazil	Omicron 21K								0.14566621	0.17961189	0.113843545	0.16943486	0.12637435	0.15656455	0.13543226
2022-04-29	Brazil	Omicron 21K								0.13654184	0.16944405	0.10606629	0.15960175	0.11807381	0.1472326	0.12674443
2022-04-30	Brazil	Omicron 21K								0.12790577	0.1597481	0.09876259	0.15028445	0.110268086	0.1381455	0.118549176
2022-05-01	Brazil	Omicron 21K								0.11976965	0.15050861	0.0918836	0.14129403	0.10291042	0.1296159	0.110819995
2022-05-02	Brazil	Omicron 21K								0.11205542	0.14171533	0.08542442	0.13275541	0.09599605	0.12158979	0.103532255
2022-05-03	Brazil	Omicron 21K								0.104788095	0.13335694	0.07938062	0.124659546	0.08950247	0.113978416	0.09665291
2022-05-04	Brazil	Omicron 21K								0.09800765	0.1254211	0.07372856	0.1169923	0.08341333	0.10671844	0.09020627
2022-05-05	Brazil	Omicron 21K								0.0915516	0.117894724	0.06850929	0.10973886	0.07770401	0.09993385	0.08415636
2022-05-06	Brazil	Omicron 21K								0.085461676	0.11076411	0.06363543	0.10288393	0.07235544	0.09352739	0.07847619
2022-05-07	Brazil	Omicron 21K								0.0797862	0.10401509	0.059086747	0.09641189	0.067348845	0.08750851	0.07315014
2022-05-08	Brazil	Omicron 21K								0.07446148	0.09763321	0.054844655	0.09030695	0.06265632	0.0818458	0.0681595
2022-05-09	Brazil	Omicron 21K								0.06947592	0.0916038	0.050891094	0.08455327	0.05824302	0.07651952	0.06349053
2022-05-10	Brazil	Omicron 21K								0.06481594	0.08591212	0.047193713	0.07913501	0.054123126	0.071504496	0.059126996
2022-05-11	Brazil	Omicron 21K								0.060457535	0.08054426	0.04375092	0.07403527	0.050279517	0.06675084	0.055018716
2022-05-12	Brazil	Omicron 21K								0.056346763	0.07548561	0.040550243	0.069239326	0.04669783	0.062277816	0.051173553
2022-05-13	Brazil	Omicron 21K								0.052499175	0.07072607	0.037590172	0.06473284	0.04336147	0.058102775	0.04758153
2022-05-14	Brazil	Omicron 21K								0.048901174	0.06626601	0.034838557	0.06050107	0.04025439	0.054187126	0.044237055
2022-05-15	Brazil	Omicron 21K								0.04552654	0.062068865	0.032281086	0.05654989	0.037363064	0.050521545	0.04113972
2022-05-16	Brazil	Omicron 21K								0.04236216	0.058100827	0.029904945	0.052845683	0.034693684	0.047091886	0.03825347
2022-05-17	Brazil	Omicron 21K								0.039417483	0.054362625	0.027698843	0.049367383	0.032212954	0.04391841	0.035560474
2022-05-18	Brazil	Omicron 21K								0.036683537	0.050852284	0.025651304	0.046122495	0.029888557	0.04096852	0.03304299
2022-05-19	Brazil	Omicron 21K								0.034128226	0.047557514	0.02375153	0.04308309	0.027715147	0.03816004	0.030700084
2022-05-20	Brazil	Omicron 21K								0.031739943	0.044466473	0.021989375	0.040233307	0.025695706	0.035515822	0.028518645
2022-05-21	Brazil	Omicron 21K								0.02951378	0.041567795	0.020355303	0.037547123	0.02381991	0.033078503	0.026488485
2022-05-22	Brazil	Omicron 21K								0.027439415	0.038850594	0.018840391	0.035034943	0.02207955	0.030810423	0.024590682
2022-05-23	Brazil	Omicron 21K								0.025507089	0.036309037	0.017436273	0.03268135	0.020470766	0.02869337	0.02283028
2022-05-24	Brazil	Omicron 21K								0.023707587	0.033928677	0.01613513	0.030482456	0.018976998	0.026717883	0.021193944
2022-04-11	Brazil	other								0.0010253564	0.005583627	0.00019379292	0.00333736	0.0003541518	0.0018704461	0.00058384857
2022-04-12	Brazil	other								0.0010058128	0.0056497473	0.00018652205	0.0033349816	0.00034417797	0.0018464794	0.0005726482
2022-04-13	Brazil	other								0.0009895538	0.005728562	0.0001792923	0.0033119812	0.00033427792	0.0018349562	0.00055615447
2022-04-14	Brazil	other								0.00096982345	0.0058049075	0.00017212587	0.0033240407	0.00032520114	0.0018212834	0.00054597424
2022-04-15	Brazil	other								0.00094649545	0.0058751665	0.00016501758	0.0033314528	0.0003147972	0.0017998625	0.0005331888
2022-04-16	Brazil	other								0.0009233459	0.0059435647	0.00015766092	0.0033373563	0.00030318205	0.0017724653	0.0005194451
2022-04-17	Brazil	other								0.0009043003	0.0060325023	0.00015045528	0.0033413456	0.0002918493	0.0017578664	0.000506818
2022-04-18	Brazil	other								0.0008880761	0.006115767	0.0001433864	0.003341557	0.00028105226	0.0017408	0.00049043656
2022-04-19	Brazil	other								0.0008712249	0.0061932895	0.00013648959	0.0033381218	0.00027063166	0.001717449	0.00047407247
2022-04-20	Brazil	other								0.00084798137	0.0062650396	0.0001297886	0.0033311862	0.00025875808	0.0017002177	0.00045628738
2022-04-21	Brazil	other								0.000823942	0.006331019	0.00012329305	0.0033209105	0.0002471636	0.001679458	0.00043783855
2022-04-22	Brazil	other								0.0008003883	0.0063825184	0.00011701061	0.0033064592	0.0002363731	0.0016600402	0.000423411
2022-04-23	Brazil	other								0.0007813332	0.0064066863	0.00011094709	0.0032833067	0.00022647218	0.0016378778	0.00040982026
2022-04-24	Brazil	other								0.000757979	0.0064252503	0.00010510656	0.0032550686	0.00021683164	0.0016145909	0.00039427818
2022-04-25	Brazil	other								0.0007324649	0.0064391457	9.9023186e-05	0.0032244234	0.00020701392	0.0015946963	0.0003792652
2022-04-26	Brazil	other								0.0007072575	0.0064526573	9.32082e-05	0.0031938602	0.00019705766	0.001565299	0.00036469195
2022-04-27	Brazil	other								0.0006854887	0.0064613214	8.7665496e-05	0.0031664064	0.00018744427	0.0015326652	0.00034991675
2022-04-28	Brazil	other								0.0006651343	0.0064653754	8.239071e-05	0.003135755	0.00017817756	0.0014990835	0.00033527153
2022-04-29	Brazil	other								0.00064593356	0.006465056	7.737841e-05	0.0031020017	0.0001697845	0.0014703423	0.00032232306
2022-04-30	Brazil	other								0.00062439835	0.006460907	7.2622315e-05	0.0030681845	0.00016088817	0.0014413779	0.00030875183
2022-05-01	Brazil	other								0.00060819974	0.0064619957	6.811538e-05	0.0030328468	0.00015219869	0.0014012558	0.00029556328
2022-05-02	Brazil	other								0.0005920054	0.0064843846	6.384996e-05	0.0029961553	0.0001443071	0.0013615285	0.00028276723
2022-05-03	Brazil	other								0.0005756227	0.0064762877	5.9855836e-05	0.0029578526	0.00013676602	0.0013225633	0.00027056396
2022-05-04	Brazil	other								0.0005590353	0.006453704	5.613711e-05	0.0029168082	0.00012979614	0.0012956825	0.0002587674
2022-05-05	Brazil	other								0.0005424932	0.006430167	5.2716437e-05	0.0028749362	0.00012318147	0.0012599463	0.00024757133
2022-05-06	Brazil	other								0.0005253708	0.00640375	4.9496768e-05	0.0028323713	0.00011684943	0.0012307912	0.00023662853
2022-05-07	Brazil	other								0.00050808315	0.0063509084	4.6453897e-05	0.0027890666	0.0001108197	0.0012043114	0.00022639032
2022-05-08	Brazil	other								0.0004904254	0.006295171	4.3580603e-05	0.0027372919	0.00010514482	0.0011779226	0.00021617262
2022-05-09	Brazil	other								0.00047381263	0.00623735	4.086964e-05	0.0026855015	0.000100307036	0.0011516724	0.00020626052
2022-05-10	Brazil	other								0.00045759167	0.006177662	3.8313796e-05	0.002633793	9.570439e-05	0.0011256046	0.00019679248
2022-05-11	Brazil	other								0.000441771	0.0061163167	3.590592e-05	0.0025822571	9.132262e-05	0.0010997577	0.0001870705
2022-05-12	Brazil	other								0.0004263567	0.006053509	3.3638964e-05	0.0025351315	8.682708e-05	0.0010747098	0.0001779079
2022-05-13	Brazil	other								0.00041135284	0.005989424	3.150601e-05	0.00250225	8.228253e-05	0.001050842	0.00016920554
2022-05-14	Brazil	other								0.00039727046	0.005924233	2.9500323e-05	0.0024690847	7.795449e-05	0.0010256317	0.0001610227
2022-05-15	Brazil	other								0.000383084	0.0058580986	2.761533e-05	0.002435703	7.3835174e-05	0.0009990813	0.00015323196
2022-05-16	Brazil	other								0.0003690371	0.0057911724	2.584467e-05	0.002400429	7.00431e-05	0.0009716814	0.00014562436
2022-05-17	Brazil	other								0.0003553229	0.0057235933	2.4182216e-05	0.002356096	6.6544366e-05	0.00094509457	0.00013853391
2022-05-18	Brazil	other								0.0003404473	0.005655493	2.2622036e-05	0.0023066367	6.320568e-05	0.0009225836	0.00013188206
2022-05-19	Brazil	other								0.0003271466	0.005586995	2.1158456e-05	0.0022577867	5.9712875e-05	0.00089663744	0.0001254011
2022-05-20	Brazil	other								0.00031502568	0.0055182064	1.978602e-05	0.002209425	5.6308672e-05	0.0008708732	0.00011921877
2022-05-21	Brazil	other								0.00030232535	0.0054492345	1.8499519e-05	0.0021604667	5.308981e-05	0.0008450223	0.000113335875
2022-05-22	Brazil	other								0.00029002147	0.0053801723	1.7293974e-05	0.002112274	5.005296e-05	0.00081980415	0.00010776658
2022-05-23	Brazil	other								0.00027817336	0.005311108	1.6164651e-05	0.0020648648	4.730041e-05	0.00079695205	0.00010244979
2022-05-24	Brazil	other								0.00026723987	0.0052421205	1.5107033e-05	0.0020194217	4.4693257e-05	0.0007769719	9.72823e-05
2022-04-11	Brazil	Omicron 21L								0.6188431	0.6673627	0.5759071	0.64761883	0.5859531	0.6338524	0.60420144
2022-04-12	Brazil	Omicron 21L								0.63637376	0.68479955	0.5930764	0.66515994	0.60364985	0.65152425	0.62170446
2022-04-13	Brazil	Omicron 21L								0.6534985	0.7016878	0.6099973	0.68218386	0.62107456	0.66872257	0.6388864
2022-04-14	Brazil	Omicron 21L								0.67042226	0.71778786	0.6266501	0.69865805	0.63821936	0.6854739	0.65576255
2022-04-15	Brazil	Omicron 21L								0.6866764	0.73349154	0.64313036	0.71462834	0.6550205	0.70172757	0.6723449
2022-04-16	Brazil	Omicron 21L								0.70247424	0.74868643	0.6592692	0.7300739	0.6713748	0.7174288	0.6882701
2022-04-17	Brazil	Omicron 21L								0.71797085	0.7632919	0.6750498	0.7450322	0.68722904	0.7325767	0.7037422
2022-04-18	Brazil	Omicron 21L								0.73296	0.777392	0.6905006	0.7594067	0.70259714	0.74725413	0.7188232
2022-04-19	Brazil	Omicron 21L								0.7474077	0.7908769	0.705529	0.77319914	0.71753263	0.76140606	0.7333021
2022-04-20	Brazil	Omicron 21L								0.7613346	0.8037467	0.7200715	0.7864195	0.7321945	0.77494186	0.7474121
2022-04-21	Brazil	Omicron 21L								0.77470815	0.81600356	0.7340288	0.799064	0.74597335	0.78794634	0.76108515
2022-04-22	Brazil	Omicron 21L								0.78749955	0.82765454	0.74750817	0.81119233	0.75939417	0.80046666	0.7742395
2022-04-23	Brazil	Omicron 21L								0.79974663	0.83870935	0.76050466	0.82281053	0.77236223	0.8123501	0.78676444
2022-04-24	Brazil	Omicron 21L								0.8114517	0.8491804	0.77301824	0.83378404	0.78482413	0.8236703	0.79887456
2022-04-25	Brazil	Omicron 21L								0.82265675	0.85908246	0.7851904	0.8441897	0.79672194	0.8344178	0.810232
2022-04-26	Brazil	Omicron 21L								0.8332937	0.868432	0.7969272	0.85405165	0.8080753	0.8446286	0.821155
2022-04-27	Brazil	Omicron 21L								0.84343493	0.877247	0.80817485	0.8634208	0.8189547	0.85437053	0.83159953
2022-04-28	Brazil	Omicron 21L								0.8530648	0.8855467	0.8189366	0.8722888	0.8294355	0.86371523	0.84154445
2022-04-29	Brazil	Omicron 21L								0.8622024	0.8933512	0.82921815	0.8806533	0.8394154	0.8724292	0.8509521
2022-04-30	Brazil	Omicron 21L								0.8708967	0.900681	0.83902687	0.888533	0.84889317	0.88064176	0.8599795
2022-05-01	Brazil	Omicron 21L								0.8790642	0.9075414	0.84837157	0.8959827	0.8577605	0.88838965	0.86851776
2022-05-02	Brazil	Omicron 21L								0.8867652	0.9139465	0.85726285	0.90297884	0.86618704	0.8956925	0.87664443
2022-05-03	Brazil	Omicron 21L								0.8940054	0.91999125	0.86571205	0.9094949	0.8741946	0.9025587	0.8843037
2022-05-04	Brazil	Omicron 21L								0.9008442	0.9256755	0.8737318	0.9156123	0.8818346	0.9090056	0.8915746
2022-05-05	Brazil	Omicron 21L								0.90718997	0.93092036	0.88133556	0.92138743	0.8891847	0.9150635	0.8984368
2022-05-06	Brazil	Omicron 21L								0.91320014	0.93581736	0.88853717	0.9267928	0.89613104	0.9207653	0.9049223
2022-05-07	Brazil	Omicron 21L								0.9188274	0.9403884	0.8953512	0.9318504	0.9026883	0.92612475	0.9110386
2022-05-08	Brazil	Omicron 21L								0.9241543	0.94465214	0.9017916	0.9365645	0.9088727	0.93114805	0.9167131
2022-05-09	Brazil	Omicron 21L								0.9291538	0.94862664	0.90781665	0.9409582	0.91470027	0.9358509	0.9222547
2022-05-10	Brazil	Omicron 21L								0.9338716	0.95233095	0.9134265	0.9450447	0.92010045	0.9402485	0.92735344
2022-05-11	Brazil	Omicron 21L								0.93833244	0.9557798	0.91863835	0.948861	0.925241	0.9443608	0.93212223
2022-05-12	Brazil	Omicron 21L								0.9425285	0.95898914	0.92354184	0.95243186	0.9300801	0.9482009	0.9365935
2022-05-13	Brazil	Omicron 21L								0.94640124	0.9619744	0.9281521	0.95578945	0.93429005	0.95178735	0.9407567
2022-05-14	Brazil	Omicron 21L								0.9500181	0.96474963	0.9325261	0.9589197	0.93859637	0.95515573	0.94461906
2022-05-15	Brazil	Omicron 21L								0.95344	0.96732867	0.9367137	0.9618369	0.9425638	0.95828724	0.9482544
2022-05-16	Brazil	Omicron 21L								0.95659244	0.96972454	0.9406496	0.96455204	0.9460806	0.9611994	0.95168173
2022-05-17	Brazil	Omicron 21L								0.9595776	0.97194946	0.9444107	0.9670726	0.9494551	0.9638984	0.9548985
2022-05-18	Brazil	Omicron 21L								0.96236295	0.97401464	0.94794023	0.96942	0.9527403	0.96642375	0.9579252
2022-05-19	Brazil	Omicron 21L								0.96492076	0.9759314	0.9511059	0.9715891	0.95584035	0.9687801	0.9607568
2022-05-20	Brazil	Omicron 21L								0.967324	0.97770953	0.95383227	0.9736042	0.95874536	0.9710102	0.9634047
2022-05-21	Brazil	Omicron 21L								0.96959496	0.9793531	0.9567188	0.9754796	0.96141285	0.9730697	0.9658675
2022-05-22	Brazil	Omicron 21L								0.97171116	0.9808551	0.9595002	0.97725374	0.9639264	0.9749787	0.9681219
2022-05-23	Brazil	Omicron 21L								0.97365	0.98224854	0.96212745	0.97890204	0.9663071	0.97675544	0.97029185
2022-05-24	Brazil	Omicron 21L								0.9755004	0.98354083	0.96459025	0.9804331	0.96836865	0.9784075	0.9722798
